2019-02-15 00:00:02;20.105208873749;0;0;0;19;0;0;0
2019-02-15 00:01:01;20.08592915535;0;0;0;19;0;0;0
2019-02-15 00:02:01;20.078360080719;0;0;0;19;0;0;0
2019-02-15 00:03:01;20.129365921021;0;0;0;19;0;0;0
2019-02-15 00:04:01;20.241166114807;0;0;0;19;0;0;0
2019-02-15 00:05:01;20.118395805359;0;0;0;19;0;0;0
2019-02-15 00:06:01;20.127990007401;0;0;0;19;0;0;0
2019-02-15 00:07:01;20.228176116943;0;0;0;19;0;0;0
2019-02-15 00:08:01;20.115568876266;0;0;0;19;0;0;0
2019-02-15 00:09:01;20.182837963104;0;0;0;19;0;0;0
2019-02-15 00:10:01;20.110232114792;0;0;0;19;0;0;0
2019-02-15 00:11:01;20.182173013687;0;0;0;19;0;0;0
2019-02-15 00:12:01;20.212578058243;0;0;0;19;0;0;0
2019-02-15 00:13:01;20.23140001297;0;0;0;19;0;0;0
2019-02-15 00:14:01;20.203751087189;0;0;0;19;0;0;0
2019-02-15 00:15:01;20.230180978775;0;0;0;19;0;0;0
2019-02-15 00:16:01;20.133408069611;0;0;0;19;0;0;0
2019-02-15 00:17:01;20.166688919067;0;0;0;19;0;0;0
2019-02-15 00:18:01;20.178050994873;0;0;0;19;0;0;0
2019-02-15 00:19:02;20.25545501709;0;0;0;19;0;0;0
2019-02-15 00:20:01;20.123902082443;0;0;0;19;0;0;0
2019-02-15 00:21:01;20.121038198471;0;0;0;19;0;0;0
2019-02-15 00:22:01;20.225609064102;0;0;0;19;0;0;0
2019-02-15 00:23:01;20.057375192642;0;0;0;19;0;0;0
2019-02-15 00:24:01;20.119795084;0;0;0;19;0;0;0
2019-02-15 00:25:01;20.056318998337;0;0;0;19;0;0;0
2019-02-15 00:26:01;20.127799987793;0;0;0;19;0;0;0
2019-02-15 00:27:02;20.232465028763;0;0;0;19;0;0;0
2019-02-15 00:28:02;20.087158203125;0;0;0;19;0;0;0
2019-02-15 00:29:01;20.112055063248;0;0;0;19;0;0;0
2019-02-15 00:30:01;20.241109132767;0;0;0;19;0;0;0
2019-02-15 00:31:01;20.107457876205;0;0;0;19;0;0;0
2019-02-15 00:32:01;20.093050003052;0;0;0;19;0;0;0
2019-02-15 00:33:01;20.227066993713;0;0;0;19;0;0;0
2019-02-15 00:34:01;20.22980594635;0;0;0;19;0;0;0
2019-02-15 00:35:01;20.149114847183;0;0;0;19;0;0;0
2019-02-15 00:36:01;20.232345104218;0;0;0;19;0;0;0
2019-02-15 00:37:01;20.23180603981;0;0;0;19;0;0;0
2019-02-15 00:38:01;20.056501865387;0;0;0;19;0;0;0
2019-02-15 00:39:01;20.04789185524;0;0;0;19;0;0;0
2019-02-15 00:40:01;20.05695104599;0;0;0;19;0;0;0
2019-02-15 00:41:01;20.119544029236;0;0;0;19;0;0;0
2019-02-15 00:42:01;20.11563706398;0;0;0;19;0;0;0
2019-02-15 00:43:01;20.237596988678;0;0;0;19;0;0;0
2019-02-15 00:44:01;20.231116056442;0;0;0;19;0;0;0
2019-02-15 00:45:01;20.075433015823;0;0;0;19;0;0;0
2019-02-15 00:46:01;20.161099910736;0;0;0;19;0;0;0
2019-02-15 00:47:01;20.082345962524;0;0;0;19;0;0;0
2019-02-15 00:48:01;20.169023990631;0;0;0;19;0;0;0
2019-02-15 00:49:02;20.145771026611;0;0;0;19;0;0;0
2019-02-15 00:50:01;20.183357000351;0;0;0;19;0;0;0
2019-02-15 00:51:01;20.087688922882;0;0;0;19;0;0;0
2019-02-15 00:52:01;20.068307876587;0;0;0;19;0;0;0
2019-02-15 00:53:01;20.056426048279;0;0;0;19;0;0;0
2019-02-15 00:54:01;20.191339015961;0;0;0;19;0;0;0
2019-02-15 00:55:01;20.215515851974;0;0;0;19;0;0;0
2019-02-15 00:56:01;20.256440877914;0;0;0;19;0;0;0
2019-02-15 00:57:01;20.041442871094;0;0;0;19;0;0;0
2019-02-15 00:58:02;20.098969221115;0;0;0;19;0;0;0
2019-02-15 00:59:01;20.115999937057;0;0;0;19;0;0;0
2019-02-15 01:00:01;20.229541063309;0;0;0;19;0;0;0
2019-02-15 01:01:01;20.112771987915;0;0;0;19;0;0;0
2019-02-15 01:02:01;20.05090713501;0;0;0;19;0;0;0
2019-02-15 01:03:01;20.110167980194;0;0;0;19;0;0;0
2019-02-15 01:04:01;20.099970817566;0;0;0;19;0;0;0
2019-02-15 01:05:01;20.155435800552;0;0;0;19;0;0;0
2019-02-15 01:06:02;20.253167867661;0;0;0;19;0;0;0
2019-02-15 01:07:02;20.104030847549;0;0;0;19;0;0;0
2019-02-15 01:08:01;20.234857082367;0;0;0;19;0;0;0
2019-02-15 01:09:01;20.192961931229;0;0;0;19;0;0;0
2019-02-15 01:10:01;20.269273996353;0;0;0;19;0;0;0
2019-02-15 01:11:01;20.184384822845;0;0;0;19;0;0;0
2019-02-15 01:12:01;20.180824995041;0;0;0;19;0;0;0
2019-02-15 01:13:01;20.077375888824;0;0;0;19;0;0;0
2019-02-15 01:14:01;20.146134853363;0;0;0;19;0;0;0
2019-02-15 01:15:01;20.256217002869;0;0;0;19;0;0;0
2019-02-15 01:16:01;20.153501033783;0;0;0;19;0;0;0
2019-02-15 01:17:01;20.189847946167;0;0;0;19;0;0;0
2019-02-15 01:18:01;20.198570013046;0;0;0;19;0;0;0
2019-02-15 01:19:02;20.243142843246;0;0;0;19;0;0;0
2019-02-15 01:20:02;20.172461032867;0;0;0;19;0;0;0
2019-02-15 01:21:01;20.25054693222;0;0;0;19;0;0;0
2019-02-15 01:22:01;20.2116959095;0;0;0;19;0;0;0
2019-02-15 01:23:01;20.09517788887;0;0;0;19;0;0;0
2019-02-15 01:24:01;20.234329938889;0;0;0;19;0;0;0
2019-02-15 01:25:01;20.143584012985;0;0;0;19;0;0;0
2019-02-15 01:26:01;20.118056058884;0;0;0;19;0;0;0
2019-02-15 01:27:01;20.13085103035;0;0;0;19;0;0;0
2019-02-15 01:28:01;20.226019144058;0;0;0;19;0;0;0
2019-02-15 01:29:01;20.207201957703;0;0;0;19;0;0;0
2019-02-15 01:30:02;20.247658967972;0;0;0;19;0;0;0
2019-02-15 01:31:02;20.233513832092;0;0;0;19;0;0;0
2019-02-15 01:32:02;20.216938972473;0;0;0;19;0;0;0
2019-02-15 01:33:01;20.142004966736;0;0;0;19;0;0;0
2019-02-15 01:34:01;20.082649946213;0;0;0;19;0;0;0
2019-02-15 01:35:01;20.063019037247;0;0;0;19;0;0;0
2019-02-15 01:36:01;20.052345991135;0;0;0;19;0;0;0
2019-02-15 01:37:01;20.055576086044;0;0;0;19;0;0;0
2019-02-15 01:38:01;20.190921068192;0;0;0;19;0;0;0
2019-02-15 01:39:01;20.068077802658;0;0;0;19;0;0;0
2019-02-15 01:40:02;20.044705867767;0;0;0;19;0;0;0
2019-02-15 01:41:01;20.223731994629;0;0;0;19;0;0;0
2019-02-15 01:42:01;20.120917081833;0;0;0;19;0;0;0
2019-02-15 01:43:01;20.111465930939;0;0;0;19;0;0;0
2019-02-15 01:44:01;20.051153898239;0;0;0;19;0;0;0
2019-02-15 01:45:01;20.226942062378;0;0;0;19;0;0;0
2019-02-15 01:46:01;20.12687087059;0;0;0;19;0;0;0
2019-02-15 01:47:01;20.258611917496;0;0;0;19;0;0;0
2019-02-15 01:48:01;20.100409030914;0;0;0;19;0;0;0
2019-02-15 01:49:02;20.157171010971;0;0;0;19;0;0;0
2019-02-15 01:50:01;20.154978990555;0;0;0;19;0;0;0
2019-02-15 01:51:01;20.058892965317;0;0;0;19;0;0;0
2019-02-15 01:52:01;20.127942085266;0;0;0;19;0;0;0
2019-02-15 01:53:01;20.16442489624;0;0;0;19;0;0;0
2019-02-15 01:54:01;20.100390195847;0;0;0;19;0;0;0
2019-02-15 01:55:01;20.187365055084;0;0;0;19;0;0;0
2019-02-15 01:56:01;20.200218915939;0;0;0;19;0;0;0
2019-02-15 01:57:02;20.257319927216;0;0;0;19;0;0;0
2019-02-15 01:58:02;20.088492870331;0;0;0;19;0;0;0
2019-02-15 01:59:01;20.227379083633;0;0;0;19;0;0;0
2019-02-15 02:00:01;20.207403898239;0;0;0;19;0;0;0
2019-02-15 02:01:01;20.255928993225;0;0;0;19;0;0;0
2019-02-15 02:02:01;20.149574041367;0;0;0;19;0;0;0
2019-02-15 02:03:01;20.064072132111;0;0;0;19;0;0;0
2019-02-15 02:04:01;20.206516981125;0;0;0;19;0;0;0
2019-02-15 02:05:01;20.070044994354;0;0;0;19;0;0;0
2019-02-15 02:06:01;20.119807958603;0;0;0;19;0;0;0
2019-02-15 02:07:02;20.228069067001;0;0;0;19;0;0;0
2019-02-15 02:08:01;20.238747835159;0;0;0;19;0;0;0
2019-02-15 02:09:01;20.232270956039;0;0;0;19;0;0;0
2019-02-15 02:10:01;20.148539066315;0;0;0;19;0;0;0
2019-02-15 02:11:01;20.067398071289;0;0;0;19;0;0;0
2019-02-15 02:12:01;20.203558921814;0;0;0;19;0;0;0
2019-02-15 02:13:01;20.055992126465;0;0;0;19;0;0;0
2019-02-15 02:14:01;20.041118144989;0;0;0;19;0;0;0
2019-02-15 02:15:01;20.120770931244;0;0;0;19;0;0;0
2019-02-15 02:16:01;20.2394759655;0;0;0;19;0;0;0
2019-02-15 02:17:01;20.253195047379;0;0;0;19;0;0;0
2019-02-15 02:18:02;20.100593090057;0;0;0;19;0;0;0
2019-02-15 02:19:01;20.096236228943;0;0;0;19;0;0;0
2019-02-15 02:20:01;20.186727046967;0;0;0;19;0;0;0
2019-02-15 02:21:01;20.154402971268;0;0;0;19;0;0;0
2019-02-15 02:22:01;20.127336978912;0;0;0;19;0;0;0
2019-02-15 02:23:01;20.220602035522;0;0;0;19;0;0;0
2019-02-15 02:24:01;20.053254127502;0;0;0;19;0;0;0
2019-02-15 02:25:02;20.225436925888;0;0;0;19;0;0;0
2019-02-15 02:26:02;20.206597089767;0;0;0;19;0;0;0
2019-02-15 02:27:01;20.240133047104;0;0;0;19;0;0;0
2019-02-15 02:28:01;20.072613954544;0;0;0;19;0;0;0
2019-02-15 02:29:01;20.230294942856;0;0;0;19;0;0;0
2019-02-15 02:30:01;20.144315958023;0;0;0;19;0;0;0
2019-02-15 02:31:01;20.261716842651;0;0;0;19;0;0;0
2019-02-15 02:32:01;20.178246974945;0;0;0;19;0;0;0
2019-02-15 02:33:01;20.242420911789;0;0;0;19;0;0;0
2019-02-15 02:34:01;20.185839176178;0;0;0;19;0;0;0
2019-02-15 02:35:01;20.071322917938;0;0;0;19;0;0;0
2019-02-15 02:36:02;20.077852010727;0;0;0;19;0;0;0
2019-02-15 02:37:01;20.074103116989;0;0;0;19;0;0;0
2019-02-15 02:38:01;20.163819074631;0;0;0;19;0;0;0
2019-02-15 02:39:01;20.223223924637;0;0;0;19;0;0;0
2019-02-15 02:40:01;20.166897058487;0;0;0;19;0;0;0
2019-02-15 02:41:01;20.227590084076;0;0;0;19;0;0;0
2019-02-15 02:42:01;20.157196998596;0;0;0;19;0;0;0
2019-02-15 02:43:01;20.238857030869;0;0;0;19;0;0;0
2019-02-15 02:44:01;20.129833936691;0;0;0;19;0;0;0
2019-02-15 02:45:01;20.072015047073;0;0;0;19;0;0;0
2019-02-15 02:46:01;20.137233018875;0;0;0;19;0;0;0
2019-02-15 02:47:02;20.231831073761;0;0;0;19;0;0;0
2019-02-15 02:48:01;20.064849853516;0;0;0;19;0;0;0
2019-02-15 02:49:01;20.197658061981;0;0;0;19;0;0;0
2019-02-15 02:50:01;20.116032123566;0;0;0;19;0;0;0
2019-02-15 02:51:01;20.243077039719;0;0;0;19;0;0;0
2019-02-15 02:52:02;20.175608158112;0;0;0;19;0;0;0
2019-02-15 02:53:02;20.18150806427;0;0;0;19;0;0;0
2019-02-15 02:54:02;20.17949795723;0;0;0;19;0;0;0
2019-02-15 02:55:01;20.227015972137;0;0;0;19;0;0;0
2019-02-15 02:56:01;20.23383307457;0;0;0;19;0;0;0
2019-02-15 02:57:01;20.106961965561;0;0;0;19;0;0;0
2019-02-15 02:58:01;20.063517808914;0;0;0;19;0;0;0
2019-02-15 02:59:01;20.108894109726;0;0;0;19;0;0;0
2019-02-15 03:00:01;20.250892162323;0;0;0;19;0;0;0
2019-02-15 03:01:01;20.060734033585;0;0;0;19;0;0;0
2019-02-15 03:02:01;20.057075023651;0;0;0;19;0;0;0
2019-02-15 03:03:02;20.220331907272;0;0;0;19;0;0;0
2019-02-15 03:04:01;20.267365932465;0;0;0;19;0;0;0
2019-02-15 03:05:02;20.101259946823;0;0;0;19;0;0;0
2019-02-15 03:06:01;20.03847694397;0;0;0;19;0;0;0
2019-02-15 03:07:01;20.161155939102;0;0;0;19;0;0;0
2019-02-15 03:08:01;20.229854106903;0;0;0;19;0;0;0
2019-02-15 03:09:01;20.235610961914;0;0;0;19;0;0;0
2019-02-15 03:10:01;20.267471075058;0;0;0;19;0;0;0
2019-02-15 03:11:01;20.195199966431;0;0;0;19;0;0;0
2019-02-15 03:12:01;20.049813985825;0;0;0;19;0;0;0
2019-02-15 03:13:02;20.156868934631;0;0;0;19;0;0;0
2019-02-15 03:14:01;20.116613149643;0;0;0;19;0;0;0
2019-02-15 03:15:01;20.217529058456;0;0;0;19;0;0;0
2019-02-15 03:16:01;20.041612863541;0;0;0;19;0;0;0
2019-02-15 03:17:01;20.04515004158;0;0;0;19;0;0;0
2019-02-15 03:18:01;20.088979005814;0;0;0;19;0;0;0
2019-02-15 03:19:01;20.256850004196;0;0;0;19;0;0;0
2019-02-15 03:20:01;20.239140033722;0;0;0;19;0;0;0
2019-02-15 03:21:01;20.068498849869;0;0;0;19;0;0;0
2019-02-15 03:22:01;20.167989969254;0;0;0;19;0;0;0
2019-02-15 03:23:01;20.234843969345;0;0;0;19;0;0;0
2019-02-15 03:24:01;20.053297042847;0;0;0;19;0;0;0
2019-02-15 03:25:02;20.102735042572;0;0;0;19;0;0;0
2019-02-15 03:26:01;20.125965118408;0;0;0;19;0;0;0
2019-02-15 03:27:01;20.229573011398;0;0;0;19;0;0;0
2019-02-15 03:28:01;20.145065069199;0;0;0;19;0;0;0
2019-02-15 03:29:01;20.253834009171;0;0;0;19;0;0;0
2019-02-15 03:30:01;20.090352058411;0;0;0;19;0;0;0
2019-02-15 03:31:01;20.131149053574;0;0;0;19;0;0;0
2019-02-15 03:32:01;20.071282863617;0;0;0;19;0;0;0
2019-02-15 03:33:01;20.223408937454;0;0;0;19;0;0;0
2019-02-15 03:34:01;20.066653966904;0;0;0;19;0;0;0
2019-02-15 03:35:01;20.061870098114;0;0;0;19;0;0;0
2019-02-15 03:36:01;20.080579996109;0;0;0;19;0;0;0
2019-02-15 03:37:01;20.229856967926;0;0;0;19;0;0;0
2019-02-15 03:38:01;20.048290967941;0;0;0;19;0;0;0
2019-02-15 03:39:01;20.177249193192;0;0;0;19;0;0;0
2019-02-15 03:40:01;20.252676010132;0;0;0;19;0;0;0
2019-02-15 03:41:01;20.084050178528;0;0;0;19;0;0;0
2019-02-15 03:42:01;20.18176984787;0;0;0;19;0;0;0
2019-02-15 03:43:01;20.138885974884;0;0;0;19;0;0;0
2019-02-15 03:44:01;20.07085609436;0;0;0;19;0;0;0
2019-02-15 03:45:01;20.046051025391;0;0;0;19;0;0;0
2019-02-15 03:46:02;20.138529062271;0;0;0;19;0;0;0
2019-02-15 03:47:01;20.260442972183;0;0;0;19;0;0;0
2019-02-15 03:48:02;20.069103002548;0;0;0;19;0;0;0
2019-02-15 03:49:01;20.248347997665;0;0;0;19;0;0;0
2019-02-15 03:50:01;20.192235946655;0;0;0;19;0;0;0
2019-02-15 03:51:01;20.273292779922;0;0;0;19;0;0;0
2019-02-15 03:52:01;20.251785993576;0;0;0;19;0;0;0
2019-02-15 03:53:01;20.115282058716;0;0;0;19;0;0;0
2019-02-15 03:54:01;20.177059173584;0;0;0;19;0;0;0
2019-02-15 03:55:01;20.260966062546;0;0;0;19;0;0;0
2019-02-15 03:56:01;20.232166051865;0;0;0;19;0;0;0
2019-02-15 03:57:01;20.141553878784;0;0;0;19;0;0;0
2019-02-15 03:58:01;20.163780927658;0;0;0;19;0;0;0
2019-02-15 03:59:01;20.147475004196;0;0;0;19;0;0;0
2019-02-15 04:00:01;20.079090833664;0;0;0;19;0;0;0
2019-02-15 04:01:01;20.192883968353;0;0;0;19;0;0;0
2019-02-15 04:02:01;20.109183073044;0;0;0;19;0;0;0
2019-02-15 04:03:01;20.09229016304;0;0;0;19;0;0;0
2019-02-15 04:04:01;20.069070100784;0;0;0;19;0;0;0
2019-02-15 04:05:01;20.075803995132;0;0;0;19;0;0;0
2019-02-15 04:06:01;20.102658033371;0;0;0;19;0;0;0
2019-02-15 04:07:01;20.196656942368;0;0;0;19;0;0;0
2019-02-15 04:08:01;20.065670967102;0;0;0;19;0;0;0
2019-02-15 04:09:02;20.141425848007;0;0;0;19;0;0;0
2019-02-15 04:10:01;20.223712921143;0;0;0;19;0;0;0
2019-02-15 04:11:01;20.217461109161;0;0;0;19;0;0;0
2019-02-15 04:12:01;20.108840227127;0;0;0;19;0;0;0
2019-02-15 04:13:01;20.047516107559;0;0;0;19;0;0;0
2019-02-15 04:14:01;20.224865913391;0;0;0;19;0;0;0
2019-02-15 04:15:01;20.154329061508;0;0;0;19;0;0;0
2019-02-15 04:16:01;20.088968038559;0;0;0;19;0;0;0
2019-02-15 04:17:02;20.049622058868;0;0;0;19;0;0;0
2019-02-15 04:18:01;20.184652805328;0;0;0;19;0;0;0
2019-02-15 04:19:01;20.224211931229;0;0;0;19;0;0;0
2019-02-15 04:20:01;20.058130979538;0;0;0;19;0;0;0
2019-02-15 04:21:01;20.177312850952;0;0;0;19;0;0;0
2019-02-15 04:22:01;20.168324947357;0;0;0;19;0;0;0
2019-02-15 04:23:01;20.238961935043;0;0;0;19;0;0;0
2019-02-15 04:24:01;20.067570924759;0;0;0;19;0;0;0
2019-02-15 04:25:02;20.173998832703;0;0;0;19;0;0;0
2019-02-15 04:26:02;20.285020112991;0;0;0;19;0;0;0
2019-02-15 04:27:02;20.248481035233;0;0;0;19;0;0;0
2019-02-15 04:28:02;20.244922161102;0;0;0;19;0;0;0
2019-02-15 04:29:02;20.128755092621;0;0;0;19;0;0;0
2019-02-15 04:30:01;20.260149002075;0;0;0;19;0;0;0
2019-02-15 04:31:01;20.136964082718;0;0;0;19;0;0;0
2019-02-15 04:32:01;20.194215774536;0;0;0;19;0;0;0
2019-02-15 04:33:01;20.256201982498;0;0;0;19;0;0;0
2019-02-15 04:34:01;20.167737960815;0;0;0;19;0;0;0
2019-02-15 04:35:01;20.242947101593;0;0;0;19;0;0;0
2019-02-15 04:36:01;20.248418092728;0;0;0;19;0;0;0
2019-02-15 04:37:01;20.166499137878;0;0;0;19;0;0;0
2019-02-15 04:38:01;20.16286611557;0;0;0;19;0;0;0
2019-02-15 04:39:01;20.186788082123;0;0;0;19;0;0;0
2019-02-15 04:40:01;20.142172813416;0;0;0;19;0;0;0
2019-02-15 04:41:01;20.175340890884;0;0;0;19;0;0;0
2019-02-15 04:42:01;20.230680942535;0;0;0;19;0;0;0
2019-02-15 04:43:01;20.134499788284;0;0;0;19;0;0;0
2019-02-15 04:44:02;20.06890296936;0;0;0;19;0;0;0
2019-02-15 04:45:01;20.143042087555;0;0;0;19;0;0;0
2019-02-15 04:46:01;20.041260004044;0;0;0;19;0;0;0
2019-02-15 04:47:01;20.24388217926;0;0;0;19;0;0;0
2019-02-15 04:48:01;20.12286901474;0;0;0;19;0;0;0
2019-02-15 04:49:01;20.078988075256;0;0;0;19;0;0;0
2019-02-15 04:50:01;20.140001058578;0;0;0;19;0;0;0
2019-02-15 04:51:01;20.094469070435;0;0;0;19;0;0;0
2019-02-15 04:52:01;20.062551021576;0;0;0;19;0;0;0
2019-02-15 04:53:01;20.21409201622;0;0;0;19;0;0;0
2019-02-15 04:54:01;20.262984991074;0;0;0;19;0;0;0
2019-02-15 04:55:01;20.061799049377;0;0;0;19;0;0;0
2019-02-15 04:56:01;20.042153835297;0;0;0;19;0;0;0
2019-02-15 04:57:01;20.070997953415;0;0;0;19;0;0;0
2019-02-15 04:58:01;20.177278995514;0;0;0;19;0;0;0
2019-02-15 04:59:02;20.198041200638;0;0;0;19;0;0;0
2019-02-15 05:00:01;20.180251836777;0;0;0;19;0;0;0
2019-02-15 05:01:01;20.209481954575;0;0;0;19;0;0;0
2019-02-15 05:02:01;20.24515080452;0;0;0;19;0;0;0
2019-02-15 05:03:01;20.095398902893;0;0;0;19;0;0;0
2019-02-15 05:04:01;20.160186052322;0;0;0;19;0;0;0
2019-02-15 05:05:01;20.246541023254;0;0;0;19;0;0;0
2019-02-15 05:06:01;20.146455049515;0;0;0;19;0;0;0
2019-02-15 05:07:01;20.220865011215;0;0;0;19;0;0;0
2019-02-15 05:08:01;20.08450293541;0;0;0;19;0;0;0
2019-02-15 05:09:01;20.116306066513;0;0;0;19;0;0;0
2019-02-15 05:10:01;20.079545021057;0;0;0;19;0;0;0
2019-02-15 05:11:01;20.068004131317;0;0;0;19;0;0;0
2019-02-15 05:12:01;20.125208854675;0;0;0;19;0;0;0
2019-02-15 05:13:01;20.227186918259;0;0;0;19;0;0;0
2019-02-15 05:14:01;20.205965042114;0;0;0;19;0;0;0
2019-02-15 05:15:01;20.26331114769;0;0;0;19;0;0;0
2019-02-15 05:16:01;20.154589176178;0;0;0;19;0;0;0
2019-02-15 05:17:01;20.14851808548;0;0;0;19;0;0;0
2019-02-15 05:18:01;20.097851991653;0;0;0;19;0;0;0
2019-02-15 05:19:01;20.106838941574;0;0;0;19;0;0;0
2019-02-15 05:20:01;20.25915813446;0;0;0;19;0;0;0
2019-02-15 05:21:01;20.237488031387;0;0;0;19;0;0;0
2019-02-15 05:22:01;20.195222139359;0;0;0;19;0;0;0
2019-02-15 05:23:01;20.237679004669;0;0;0;19;0;0;0
2019-02-15 05:24:01;20.172619104385;0;0;0;19;0;0;0
2019-02-15 05:25:01;20.229316949844;0;0;0;19;0;0;0
2019-02-15 05:26:01;20.107833147049;0;0;0;19;0;0;0
2019-02-15 05:27:01;20.153133869171;0;0;0;19;0;0;0
2019-02-15 05:28:01;20.108699083328;0;0;0;19;0;0;0
2019-02-15 05:29:02;20.237640857697;0;0;0;19;0;0;0
2019-02-15 05:30:02;20.051064968109;0;0;0;19;0;0;0
2019-02-15 05:31:01;20.122869968414;0;0;0;19;0;0;0
2019-02-15 05:32:01;20.223446130753;0;0;0;19;0;0;0
2019-02-15 05:33:01;20.047922134399;0;0;0;19;0;0;0
2019-02-15 05:34:01;20.09462594986;0;0;0;19;0;0;0
2019-02-15 05:35:01;20.240930080414;0;0;0;19;0;0;0
2019-02-15 05:36:01;20.223969936371;0;0;0;19;0;0;0
2019-02-15 05:37:01;20.205372095108;0;0;0;19;0;0;0
2019-02-15 05:38:01;20.23384308815;0;0;0;19;0;0;0
2019-02-15 05:39:01;20.153317928314;0;0;0;19;0;0;0
2019-02-15 05:40:01;20.152215003967;0;0;0;19;0;0;0
2019-02-15 05:41:01;20.043080091476;0;0;0;19;0;0;0
2019-02-15 05:42:01;20.23347401619;0;0;0;19;0;0;0
2019-02-15 05:43:01;20.155063152313;0;0;0;19;0;0;0
2019-02-15 05:44:01;20.233569860458;0;0;0;19;0;0;0
2019-02-15 05:45:01;20.096994876862;0;0;0;19;0;0;0
2019-02-15 05:46:01;20.221556186676;0;0;0;19;0;0;0
2019-02-15 05:47:01;20.095108985901;0;0;0;19;0;0;0
2019-02-15 05:48:01;20.258422136307;0;0;0;19;0;0;0
2019-02-15 05:49:01;20.083099842072;0;0;0;19;0;0;0
2019-02-15 05:50:01;20.084963083267;0;0;0;19;0;0;0
2019-02-15 05:51:01;20.112385988235;0;0;0;19;0;0;0
2019-02-15 05:52:01;20.259336948395;0;0;0;19;0;0;0
2019-02-15 05:53:01;20.209933042526;0;0;0;19;0;0;0
2019-02-15 05:54:01;20.082936048508;0;0;0;19;0;0;0
2019-02-15 05:55:01;20.265557050705;0;0;0;19;0;0;0
2019-02-15 05:56:01;20.170226097107;0;0;0;19;0;0;0
2019-02-15 05:57:01;20.040498018265;0;0;0;19;0;0;0
2019-02-15 05:58:02;20.128613948822;0;0;0;19;0;0;0
2019-02-15 05:59:01;20.067802906036;0;0;0;19;0;0;0
2019-02-15 06:00:01;20.154258966446;0;0;0;19;0;0;0
2019-02-15 06:01:01;20.131470918655;0;0;0;19;0;0;0
2019-02-15 06:02:01;20.243791818619;0;0;0;19;0;0;0
2019-02-15 06:03:01;20.094138145447;0;0;0;19;0;0;0
2019-02-15 06:04:01;20.261873960495;0;0;0;19;0;0;0
2019-02-15 06:05:01;20.150943994522;0;0;0;19;0;0;0
2019-02-15 06:06:01;20.178509950638;0;0;0;19;0;0;0
2019-02-15 06:07:01;20.05092716217;0;0;0;19;0;0;0
2019-02-15 06:08:01;20.168802976608;0;0;0;19;0;0;0
2019-02-15 06:09:02;20.064609050751;0;0;0;19;0;0;0
2019-02-15 06:10:01;20.174357891083;0;0;0;19;0;0;0
2019-02-15 06:11:01;20.25466799736;0;0;0;19;0;0;0
2019-02-15 06:12:01;20.124809980392;0;0;0;19;0;0;0
2019-02-15 06:13:01;20.097556829453;0;0;0;19;0;0;0
2019-02-15 06:14:01;20.06005191803;0;0;0;19;0;0;0
2019-02-15 06:15:01;20.198188781738;0;0;0;19;0;0;0
2019-02-15 06:16:01;20.233752012253;0;0;0;19;0;0;0
2019-02-15 06:17:01;20.098554849625;0;0;0;19;0;0;0
2019-02-15 06:18:02;20.158785104752;0;0;0;19;0;0;0
2019-02-15 06:19:01;20.244036912918;0;0;0;19;0;0;0
2019-02-15 06:20:01;20.244351148605;0;0;0;19;0;0;0
2019-02-15 06:21:01;20.113565921783;0;0;0;19;0;0;0
2019-02-15 06:22:01;20.26370882988;0;0;0;19;0;0;0
2019-02-15 06:23:01;20.152167797089;0;0;0;19;0;0;0
2019-02-15 06:24:01;20.247825860977;0;0;0;19;0;0;0
2019-02-15 06:25:01;20.234230041504;0;0;0;19;0;0;0
2019-02-15 06:26:01;20.162593126297;0;0;0;19;0;0;0
2019-02-15 06:27:01;20.086813926697;0;0;0;19;0;0;0
2019-02-15 06:28:01;20.127877950668;0;0;0;19;0;0;0
2019-02-15 06:29:01;20.104385137558;0;0;0;19;0;0;0
2019-02-15 06:30:02;20.250378131866;0;0;0;19;0;0;0
2019-02-15 06:31:02;20.154562950134;0;0;0;19;0;0;0
2019-02-15 06:32:01;20.18093085289;0;0;0;19;0;0;0
2019-02-15 06:33:01;20.1655189991;0;0;0;19;0;0;0
2019-02-15 06:34:01;20.086597919464;0;0;0;19;0;0;0
2019-02-15 06:35:01;20.230853796005;0;0;0;19;0;0;0
2019-02-15 06:36:01;20.090281963348;0;0;0;19;0;0;0
2019-02-15 06:37:01;20.241855859756;0;0;0;19;0;0;0
2019-02-15 06:38:01;20.090077877045;0;0;0;19;0;0;0
2019-02-15 06:39:01;20.227999925613;0;0;0;19;0;0;0
2019-02-15 06:40:01;20.032040834427;0;0;0;19;0;0;0
2019-02-15 06:41:01;20.093797922134;0;0;0;19;0;0;0
2019-02-15 06:42:01;20.221778154373;0;0;0;19;0;0;0
2019-02-15 06:43:01;20.066063165665;0;0;0;19;0;0;0
2019-02-15 06:44:01;20.237554073334;0;0;0;19;0;0;0
2019-02-15 06:45:01;20.073070049286;0;0;0;19;0;0;0
2019-02-15 06:46:01;20.165055990219;0;0;0;19;0;0;0
2019-02-15 06:47:01;20.105772972107;0;0;0;19;0;0;0
2019-02-15 06:48:01;20.06502699852;0;0;0;19;0;0;0
2019-02-15 06:49:01;20.131604909897;0;0;0;19;0;0;0
2019-02-15 06:50:01;20.124312877655;0;0;0;19;0;0;0
2019-02-15 06:51:02;20.228594779968;0;0;0;19;0;0;0
2019-02-15 06:52:01;20.193994998932;0;0;0;19;0;0;0
2019-02-15 06:53:01;20.129179954529;0;0;0;19;0;0;0
2019-02-15 06:54:01;20.246644020081;0;0;0;19;0;0;0
2019-02-15 06:55:01;20.133449077606;0;0;0;19;0;0;0
2019-02-15 06:56:01;20.214801073074;0;0;0;19;0;0;0
2019-02-15 06:57:01;20.049972057343;0;0;0;19;0;0;0
2019-02-15 06:58:01;20.06529712677;0;0;0;19;0;0;0
2019-02-15 06:59:02;20.255946874619;0;0;0;19;0;0;0
2019-02-15 07:00:02;20.234991073608;0;0;0;19;0;0;0
2019-02-15 07:01:02;20.150927066803;0;0;0;19;0;0;0
2019-02-15 07:02:01;20.163835048676;0;0;0;19;0;0;0
2019-02-15 07:03:01;20.160697937012;0;0;0;19;0;0;0
2019-02-15 07:04:01;20.075371980667;0;0;0;19;0;0;0
2019-02-15 07:05:01;20.110167980194;0;0;0;19;0;0;0
2019-02-15 07:06:01;20.22626209259;0;0;0;19;0;0;0
2019-02-15 07:07:01;20.142279863358;0;0;0;19;0;0;0
2019-02-15 07:08:02;20.105724096298;0;0;0;19;0;0;0
2019-02-15 07:09:01;20.089023113251;0;0;0;19;0;0;0
2019-02-15 07:10:01;20.153110980988;0;0;0;19;0;0;0
2019-02-15 07:11:01;20.124712944031;0;0;0;19;0;0;0
2019-02-15 07:12:01;20.036595106125;0;0;0;19;0;0;0
2019-02-15 07:13:01;20.278737068176;0;0;0;19;0;0;0
2019-02-15 07:14:01;20.082582950592;0;0;0;19;0;0;0
2019-02-15 07:15:01;20.172147989273;0;0;0;19;0;0;0
2019-02-15 07:16:02;20.097686052322;0;0;0;19;0;0;0
2019-02-15 07:17:01;20.203830003738;0;0;0;19;0;0;0
2019-02-15 07:18:01;20.239445924759;0;0;0;19;0;0;0
2019-02-15 07:19:02;20.161529064178;0;0;0;19;0;0;0
2019-02-15 07:20:01;20.103418111801;0;0;0;19;0;0;0
2019-02-15 07:21:01;20.051502943039;0;0;0;19;0;0;0
2019-02-15 07:22:01;20.234845876694;0;0;0;19;0;0;0
2019-02-15 07:23:01;20.166860103607;0;0;0;19;0;0;0
2019-02-15 07:24:01;20.125436067581;0;0;0;19;0;0;0
2019-02-15 07:25:01;20.094892024994;0;0;0;19;0;0;0
2019-02-15 07:26:02;20.221718788147;0;0;0;19;0;0;0
2019-02-15 07:27:01;20.260985136032;0;0;0;19;0;0;0
2019-02-15 07:28:01;20.211245059967;0;0;0;19;0;0;0
2019-02-15 07:29:01;20.104867935181;0;0;0;19;0;0;0
2019-02-15 07:30:01;20.091327905655;0;0;0;19;0;0;0
2019-02-15 07:31:01;20.22930598259;0;0;0;19;0;0;0
2019-02-15 07:32:01;20.144196987152;0;0;0;19;0;0;0
2019-02-15 07:33:01;20.258397102356;0;0;0;19;0;0;0
2019-02-15 07:34:01;20.13047003746;0;0;0;19;0;0;0
2019-02-15 07:35:01;20.110501050949;0;0;0;19;0;0;0
2019-02-15 07:36:01;20.16051197052;0;0;0;19;0;0;0
2019-02-15 07:37:01;20.249405145645;0;0;0;19;0;0;0
2019-02-15 07:38:01;20.195376873016;0;0;0;19;0;0;0
2019-02-15 07:39:02;20.201020956039;0;0;0;19;0;0;0
2019-02-15 07:40:01;20.050858020782;0;0;0;19;0;0;0
2019-02-15 07:41:01;20.148456096649;0;0;0;19;0;0;0
2019-02-15 07:42:01;20.223145008087;0;0;0;19;0;0;0
2019-02-15 07:43:01;20.094516038895;0;0;0;19;0;0;0
2019-02-15 07:44:01;20.206171035767;0;0;0;19;0;0;0
2019-02-15 07:45:01;20.040560007095;0;0;0;19;0;0;0
2019-02-15 07:46:01;20.244415998459;0;0;0;19;0;0;0
2019-02-15 07:47:01;20.173830986023;0;0;0;19;0;0;0
2019-02-15 07:48:02;20.075591087341;0;0;0;19;0;0;0
2019-02-15 07:49:01;20.168800115585;0;0;0;19;0;0;0
2019-02-15 07:50:01;20.225255012512;0;0;0;19;0;0;0
2019-02-15 07:51:01;20.188009977341;0;0;0;19;0;0;0
2019-02-15 07:52:01;20.167428970337;0;0;0;19;0;0;0
2019-02-15 07:53:01;20.212507009506;0;0;0;19;0;0;0
2019-02-15 07:54:01;20.128729104996;0;0;0;19;0;0;0
2019-02-15 07:55:01;20.206984996796;0;0;0;19;0;0;0
2019-02-15 07:56:01;20.209746837616;0;0;0;19;0;0;0
2019-02-15 07:57:01;20.178690910339;0;0;0;19;0;0;0
2019-02-15 07:58:01;20.072554111481;0;0;0;19;0;0;0
2019-02-15 07:59:01;20.098888158798;0;0;0;19;0;0;0
2019-02-15 08:00:01;20.175420045853;0;0;0;19;0;0;0
2019-02-15 08:01:02;20.079493999481;0;0;0;19;0;0;0
2019-02-15 08:02:01;20.160180091858;0;0;0;19;0;0;0
2019-02-15 08:03:01;20.233823060989;0;0;0;19;0;0;0
2019-02-15 08:04:01;20.128140211105;0;0;0;19;0;0;0
2019-02-15 08:05:01;20.252820968628;0;0;0;19;0;0;0
2019-02-15 08:06:01;20.218877077103;0;0;0;19;0;0;0
2019-02-15 08:07:01;20.195117950439;0;0;0;19;0;0;0
2019-02-15 08:08:01;20.270807027817;0;0;0;19;0;0;0
2019-02-15 08:09:01;20.318445920944;0;0;0;19;0;0;0
2019-02-15 08:10:01;20.227653026581;0;0;0;19;0;0;0
2019-02-15 08:11:01;20.093878030777;0;0;0;19;0;0;0
2019-02-15 08:12:01;20.127794981003;0;0;0;19;0;0;0
2019-02-15 08:13:01;20.14044213295;0;0;0;19;0;0;0
2019-02-15 08:14:01;20.093553066254;0;0;0;19;0;0;0
2019-02-15 08:15:02;20.097707986832;0;0;0;19;0;0;0
2019-02-15 08:16:01;20.145626068115;0;0;0;19;0;0;0
2019-02-15 08:17:01;20.234181165695;0;0;0;19;0;0;0
2019-02-15 08:18:01;20.119152069092;0;0;0;19;0;0;0
2019-02-15 08:19:01;20.082591056824;0;0;0;19;0;0;0
2019-02-15 08:20:01;20.137552022934;0;0;0;19;0;0;0
2019-02-15 08:21:01;20.254186153412;0;0;0;19;0;0;0
2019-02-15 08:22:01;20.184112787247;0;0;0;19;0;0;0
2019-02-15 08:23:01;20.220188140869;0;0;0;19;0;0;0
2019-02-15 08:24:01;20.268176794052;0;0;0;18;0;0;0
2019-02-15 08:25:01;20.121842861176;0;0;0;18;0;0;0
2019-02-15 08:26:02;20.270301103592;0;0;0;18;0;0;0
2019-02-15 08:27:02;20.119558095932;0;0;0;18;0;0;0
2019-02-15 08:28:02;20.127940177917;0;0;0;18;0;0;0
2019-02-15 08:29:01;20.223940134048;0;0;0;18;0;0;0
2019-02-15 08:30:01;20.111439943314;0;0;0;18;0;0;0
2019-02-15 08:31:01;20.138319969177;0;0;0;18;0;0;0
2019-02-15 08:32:01;20.267673015594;0;0;0;18;0;0;0
2019-02-15 08:33:01;20.26767206192;0;0;0;18;0;0;0
2019-02-15 08:34:01;20.190400123596;0;0;0;18;0;0;0
2019-02-15 08:35:01;20.135071992874;0;0;0;18;0;0;0
2019-02-15 08:36:01;20.199363946915;0;0;0;19;0;0;0
2019-02-15 08:37:01;20.097641944885;0;0;0;19;0;0;0
2019-02-15 08:38:02;20.255803108215;0;0;0;19;0;0;0
2019-02-15 08:39:02;20.124882936478;0;0;0;19;0;0;0
2019-02-15 08:40:01;20.071810007095;0;0;0;19;0;0;0
2019-02-15 08:41:01;20.206316947937;0;0;0;19;0;0;0
2019-02-15 08:42:01;20.276778936386;0;0;0;19;0;0;0
2019-02-15 08:43:01;20.068988084793;0;0;0;19;0;0;0
2019-02-15 08:44:01;20.12167596817;0;0;0;19;0;0;0
2019-02-15 08:45:01;20.166776180267;0;0;0;19;0;0;0
2019-02-15 08:46:01;20.110563993454;0;0;0;19;0;0;0
2019-02-15 08:47:02;20.121439933777;0;0;0;19;0;0;0
2019-02-15 08:48:01;20.282145023346;0;0;0;19;0;0;0
2019-02-15 08:49:01;20.235141992569;0;0;0;19;0;0;0
2019-02-15 08:50:01;20.088847875595;0;0;0;19;0;0;0
2019-02-15 08:51:01;20.253051996231;0;0;0;19;0;0;0
2019-02-15 08:52:01;20.258463144302;0;0;0;19;0;0;0
2019-02-15 08:53:01;20.095999002457;0;0;0;19;0;0;0
2019-02-15 08:54:01;20.086303949356;0;0;0;19;0;0;0
2019-02-15 08:55:01;20.058501005173;0;0;0;19;0;0;0
2019-02-15 08:56:02;20.252287864685;0;0;0;19;0;0;0
2019-02-15 08:57:02;20.162827968597;0;0;0;19;0;0;0
2019-02-15 08:58:01;20.249851942062;0;0;0;19;0;0;0
2019-02-15 08:59:01;20.264685869217;0;0;0;19;0;0;0
2019-02-15 09:00:01;20.142773151398;0;0;0;19;0;0;0
2019-02-15 09:01:01;20.078310012817;0;0;0;19;0;0;0
2019-02-15 09:02:01;20.21846985817;0;0;0;19;0;0;0
2019-02-15 09:03:01;20.229383945465;0;0;0;19;0;0;0
2019-02-15 09:04:01;20.155256986618;0;0;0;19;0;0;0
2019-02-15 09:05:01;20.241097211838;0;0;0;19;0;0;0
2019-02-15 09:06:01;20.072112083435;0;0;0;19;0;0;0
2019-02-15 09:07:01;20.229590892792;0;0;0;19;0;0;0
2019-02-15 09:08:01;20.232501029968;0;0;0;19;0;0;0
2019-02-15 09:09:01;20.086313009262;0;0;0;19;0;0;0
2019-02-15 09:10:01;20.117756128311;0;0;0;19;0;0;0
2019-02-15 09:11:01;20.111170053482;0;0;0;19;0;0;0
2019-02-15 09:12:01;20.253072977066;0;0;0;19;0;0;0
2019-02-15 09:13:01;20.24610209465;0;0;0;19;0;0;0
2019-02-15 09:14:01;20.11307311058;0;0;0;19;0;0;0
2019-02-15 09:15:01;20.123346090317;0;0;0;19;0;0;0
2019-02-15 09:16:01;20.094614982605;0;0;0;19;0;0;0
2019-02-15 09:17:01;20.243312835693;0;0;0;19;0;0;0
2019-02-15 09:18:01;20.249329090118;0;0;0;19;0;0;0
2019-02-15 09:19:01;20.249521017075;0;0;0;19;0;0;0
2019-02-15 09:20:01;20.047477006912;0;0;0;19;0;0;0
2019-02-15 09:21:01;20.146703958511;0;0;0;19;0;0;0
2019-02-15 09:22:01;20.100178956985;0;0;0;19;0;0;0
2019-02-15 09:23:02;20.078430891037;0;0;0;19;0;0;0
2019-02-15 09:24:01;20.251575946808;0;0;0;19;0;0;0
2019-02-15 09:25:01;20.086715936661;0;0;0;19;0;0;0
2019-02-15 09:26:01;20.061069965363;0;0;0;19;0;0;0
2019-02-15 09:27:01;20.107748985291;0;0;0;19;0;0;0
2019-02-15 09:28:01;20.106015205383;0;0;0;19;0;0;0
2019-02-15 09:29:01;20.211451053619;0;0;0;19;0;0;0
2019-02-15 09:30:01;20.093277931213;0;0;0;19;0;0;0
2019-02-15 09:31:01;20.048036813736;0;0;0;19;0;0;0
2019-02-15 09:32:01;20.232887029648;0;0;0;19;0;0;0
2019-02-15 09:33:01;20.12895488739;0;0;0;19;0;0;0
2019-02-15 09:34:01;20.067539930344;0;0;0;19;0;0;0
2019-02-15 09:35:01;20.228917121887;0;0;0;19;0;0;0
2019-02-15 09:36:01;20.25898194313;0;0;0;19;0;0;0
2019-02-15 09:37:01;20.268532991409;0;0;0;19;0;0;0
2019-02-15 09:38:01;20.089334964752;0;0;0;19;0;0;0
2019-02-15 09:39:02;20.231429100037;0;0;0;19;0;0;0
2019-02-15 09:40:02;20.172768115997;0;0;0;19;0;0;0
2019-02-15 09:41:01;20.104129076004;0;0;0;19;0;0;0
2019-02-15 09:42:01;20.055577039719;0;0;0;19;0;0;0
2019-02-15 09:43:01;20.209717035294;0;0;0;19;0;0;0
2019-02-15 09:44:01;20.194983005524;0;0;0;19;0;0;0
2019-02-15 09:45:01;20.206130027771;0;0;0;19;0;0;0
2019-02-15 09:46:01;20.260900020599;0;0;0;19;0;0;0
2019-02-15 09:47:01;20.188734054565;0;0;0;19;0;0;0
2019-02-15 09:48:01;20.143517017365;0;0;0;19;0;0;0
2019-02-15 09:49:01;20.11762881279;0;0;0;19;0;0;0
2019-02-15 09:50:01;20.058588027954;0;0;0;19;0;0;0
2019-02-15 09:51:01;20.251487016678;0;0;0;19;0;0;0
2019-02-15 09:52:01;20.124918937683;0;0;0;19;0;0;0
2019-02-15 09:53:01;20.263209819794;0;0;0;19;0;0;0
2019-02-15 09:54:01;20.084938049316;0;0;0;19;0;0;0
2019-02-15 09:55:01;20.216145992279;0;0;0;19;0;0;0
2019-02-15 09:56:01;20.074819087982;0;0;0;19;0;0;0
2019-02-15 09:57:01;20.266611099243;0;0;0;19;0;0;0
2019-02-15 09:58:01;20.249131917953;0;0;0;19;0;0;0
2019-02-15 09:59:01;20.167534828186;0;0;0;19;0;0;0
2019-02-15 10:00:01;20.196302890778;0;0;0;19;0;0;0
2019-02-15 10:01:01;20.232250928879;0;0;0;19;0;0;0
2019-02-15 10:02:01;20.194260120392;0;0;0;19;0;0;0
2019-02-15 10:03:01;20.067463874817;0;0;0;19;0;0;0
2019-02-15 10:04:01;20.273501157761;0;0;0;19;0;0;0
2019-02-15 10:05:01;20.046684026718;0;0;0;19;0;0;0
2019-02-15 10:06:01;20.209213018417;0;0;0;19;0;0;0
2019-02-15 10:07:01;20.269247055054;0;0;0;19;0;0;0
2019-02-15 10:08:01;20.26776599884;0;0;0;19;0;0;0
2019-02-15 10:09:02;20.241958856583;0;0;0;19;0;0;0
2019-02-15 10:10:01;20.26394701004;0;0;0;19;0;0;0
2019-02-15 10:11:01;20.074273109436;0;0;0;19;0;0;0
2019-02-15 10:12:01;20.178001880646;0;0;0;19;0;0;0
2019-02-15 10:13:02;20.263161182404;0;0;0;19;0;0;0
2019-02-15 10:14:01;20.170180797577;0;0;0;19;0;0;0
2019-02-15 10:15:01;20.650655031204;0;0;0;19;0;0;0
2019-02-15 10:16:02;20.203912973404;0;0;0;19;0;0;0
2019-02-15 10:17:02;20.237499952316;0;0;0;19;0;0;0
2019-02-15 10:18:02;20.235186100006;0;0;0;19;0;0;0
2019-02-15 10:19:01;20.248044967651;0;0;0;19;0;0;0
2019-02-15 10:20:02;20.069627046585;0;0;0;19;0;0;0
2019-02-15 10:21:01;20.201986074448;0;0;0;19;0;0;0
2019-02-15 10:22:01;20.083868980408;0;0;0;19;0;0;0
2019-02-15 10:23:01;20.079137086868;0;0;0;19;0;0;0
2019-02-15 10:24:01;20.036700963974;0;0;0;19;0;0;0
2019-02-15 10:25:01;20.327888965607;0;0;0;19;0;0;0
2019-02-15 10:26:01;20.190347909927;0;0;0;19;0;0;0
2019-02-15 10:27:01;20.084233999252;0;0;0;19;0;0;0
2019-02-15 10:28:02;20.214838027954;0;0;0;19;0;0;0
2019-02-15 10:29:02;20.051451921463;0;0;0;19;0;0;0
2019-02-15 10:30:01;20.063694953918;0;0;0;19;0;0;0
2019-02-15 10:31:01;20.178444862366;0;0;0;19;0;0;0
2019-02-15 10:32:01;20.1121571064;0;0;0;19;0;0;0
2019-02-15 10:33:01;20.144140005112;0;0;0;19;0;0;0
2019-02-15 10:34:01;20.234183073044;0;0;0;19;0;0;0
2019-02-15 10:35:01;20.205282926559;0;0;0;19;0;0;0
2019-02-15 10:36:02;20.19424200058;0;0;0;19;0;0;0
2019-02-15 10:37:01;20.142265081406;0;0;0;19;0;0;0
2019-02-15 10:38:01;20.253103971481;0;0;0;19;0;0;0
2019-02-15 10:39:01;20.148401975632;0;0;0;19;0;0;0
2019-02-15 10:40:01;20.053292036057;0;0;0;19;0;0;0
2019-02-15 10:41:01;20.101495027542;0;0;0;19;0;0;0
2019-02-15 10:42:01;20.187863826752;0;0;0;19;0;0;0
2019-02-15 10:43:01;20.231805801392;0;0;0;19;0;0;0
2019-02-15 10:44:01;20.06912779808;0;0;0;19;0;0;0
2019-02-15 10:45:01;20.171468019485;0;0;0;19;0;0;0
2019-02-15 10:46:02;20.206681966782;0;0;0;19;0;0;0
2019-02-15 10:47:02;20.126137971878;0;0;0;19;0;0;0
2019-02-15 10:48:01;20.164484024048;0;0;0;19;0;0;0
2019-02-15 10:49:01;20.304703950882;0;0;0;19;0;0;0
2019-02-15 10:50:01;20.096388101578;0;0;0;19;0;0;0
2019-02-15 10:51:01;20.254549026489;0;0;0;19;0;0;0
2019-02-15 10:52:01;20.110220909119;0;0;0;19;0;0;0
2019-02-15 10:53:01;20.227700948715;0;0;0;19;0;0;0
2019-02-15 10:54:01;20.209381818771;0;0;0;19;0;0;0
2019-02-15 10:55:01;20.19831609726;0;0;0;19;0;0;0
2019-02-15 10:56:01;20.109001874924;0;0;0;19;0;0;0
2019-02-15 10:57:01;20.219069957733;0;0;0;19;0;0;0
2019-02-15 10:58:01;20.093704938889;0;0;0;19;0;0;0
2019-02-15 10:59:01;20.07886505127;0;0;0;19;0;0;0
2019-02-15 11:00:02;20.087941169739;0;0;0;19;0;0;0
2019-02-15 11:01:01;20.084501981735;0;0;0;19;0;0;0
2019-02-15 11:02:01;20.268163919449;0;0;0;19;0;0;0
2019-02-15 11:03:01;20.233731031418;0;0;0;19;0;0;0
2019-02-15 11:04:01;20.226545810699;0;0;0;19;0;0;0
2019-02-15 11:05:01;20.083592176437;0;0;0;19;0;0;0
2019-02-15 11:06:01;20.236202955246;0;0;0;19;0;0;0
2019-02-15 11:07:01;20.052016973495;0;0;0;19;0;0;0
2019-02-15 11:08:01;20.184537887573;0;0;0;19;0;0;0
2019-02-15 11:09:02;20.100293874741;0;0;0;19;0;0;0
2019-02-15 11:10:01;20.230694055557;0;0;0;19;0;0;0
2019-02-15 11:11:01;20.052422046661;0;0;0;19;0;0;0
2019-02-15 11:12:01;20.100217103958;0;0;0;19;0;0;0
2019-02-15 11:13:01;20.071553945541;0;0;0;19;0;0;0
2019-02-15 11:14:01;20.07000207901;0;0;0;19;0;0;0
2019-02-15 11:15:02;20.244772195816;0;0;0;19;0;0;0
2019-02-15 11:16:01;20.246186971664;0;0;0;19;0;0;0
2019-02-15 11:17:01;20.229448080063;0;0;0;19;0;0;0
2019-02-15 11:18:01;20.1802110672;0;0;0;19;0;0;0
2019-02-15 11:19:01;20.230285167694;0;0;0;19;0;0;0
2019-02-15 11:20:01;20.074749946594;0;0;0;19;0;0;0
2019-02-15 11:21:01;20.238382101059;0;0;0;19;0;0;0
2019-02-15 11:22:01;20.259452819824;0;0;0;19;0;0;0
2019-02-15 11:23:01;20.224236011505;0;0;0;19;0;0;0
2019-02-15 11:24:01;20.100476980209;0;0;0;19;0;0;0
2019-02-15 11:25:01;20.083923816681;0;0;0;19;0;0;0
2019-02-15 11:26:01;20.261810064316;0;0;0;19;0;0;0
2019-02-15 11:27:01;20.22344994545;0;0;0;19;0;0;0
2019-02-15 11:28:01;20.078974962234;0;0;0;19;0;0;0
2019-02-15 11:29:01;20.277050018311;0;0;0;19;0;0;0
2019-02-15 11:30:01;20.083415031433;0;0;0;19;0;0;0
2019-02-15 11:31:01;20.123235940933;0;0;0;19;0;0;0
2019-02-15 11:32:01;20.127016067505;0;0;0;19;0;0;0
2019-02-15 11:33:02;20.086985111237;0;0;0;19;0;0;0
2019-02-15 11:34:01;20.126071214676;0;0;0;19;0;0;0
2019-02-15 11:35:01;20.238407850266;0;0;0;19;0;0;0
2019-02-15 11:36:01;20.090085983276;0;0;0;19;0;0;0
2019-02-15 11:37:01;20.118017911911;0;0;0;19;0;0;0
2019-02-15 11:38:01;20.117414951324;0;0;0;19;0;0;0
2019-02-15 11:39:01;20.230944871902;0;0;0;19;0;0;0
2019-02-15 11:40:01;20.252962112427;0;0;0;19;0;0;0
2019-02-15 11:41:01;20.269886016846;0;0;0;19;0;0;0
2019-02-15 11:42:01;20.125050067902;0;0;0;19;0;0;0
2019-02-15 11:43:01;20.121520042419;0;0;0;19;0;0;0
2019-02-15 11:44:02;20.170826196671;0;0;0;19;0;0;0
2019-02-15 11:45:01;20.106876134872;0;0;0;19;0;0;0
2019-02-15 11:46:01;20.252642869949;0;0;0;19;0;0;0
2019-02-15 11:47:01;20.216344833374;0;0;0;19;0;0;0
2019-02-15 11:48:01;20.178431987762;0;0;0;19;0;0;0
2019-02-15 11:49:01;20.213100194931;0;0;0;19;0;0;0
2019-02-15 11:50:01;20.2310359478;0;0;0;19;0;0;0
2019-02-15 11:51:01;20.075365066528;0;0;0;19;0;0;0
2019-02-15 11:52:01;20.081472158432;0;0;0;19;0;0;0
2019-02-15 11:53:01;20.261299133301;0;0;0;19;0;0;0
2019-02-15 11:54:01;20.149368047714;0;0;0;19;0;0;0
2019-02-15 11:55:01;20.058794975281;0;0;0;19;0;0;0
2019-02-15 11:56:01;20.223192930222;0;0;0;19;0;0;0
2019-02-15 11:57:01;20.219002008438;0;0;0;19;0;0;0
2019-02-15 11:58:01;20.219144105911;0;0;0;19;0;0;0
2019-02-15 11:59:01;20.215449094772;0;0;0;19;0;0;0
2019-02-15 12:00:01;20.268002033234;0;0;0;19;0;0;0
2019-02-15 12:01:01;20.188452959061;0;0;0;19;0;0;0
2019-02-15 12:02:02;20.111654996872;0;0;0;19;0;0;0
2019-02-15 12:03:01;20.119434118271;0;0;0;19;0;0;0
2019-02-15 12:04:01;20.108842849731;0;0;0;19;0;0;0
2019-02-15 12:05:01;20.25589799881;0;0;0;19;0;0;0
2019-02-15 12:06:01;20.297400951385;0;0;0;19;0;0;0
2019-02-15 12:07:01;20.228860855103;0;0;0;19;0;0;0
2019-02-15 12:08:01;20.092336893082;0;0;0;19;0;0;0
2019-02-15 12:09:01;20.261235952377;0;0;0;19;0;0;0
2019-02-15 12:10:01;20.085917949677;0;0;0;19;0;0;0
2019-02-15 12:11:01;20.106556892395;0;0;0;19;0;0;0
2019-02-15 12:12:02;20.24116396904;0;0;0;19;0;0;0
2019-02-15 12:13:02;20.210479021072;0;0;0;19;0;0;0
2019-02-15 12:14:02;20.044263839722;0;0;0;19;0;0;0
2019-02-15 12:15:01;20.124011039734;0;0;0;19;0;0;0
2019-02-15 12:16:01;20.170162916183;0;0;0;19;0;0;0
2019-02-15 12:17:01;20.141957998276;0;0;0;19;0;0;0
2019-02-15 12:18:01;20.257333993912;0;0;0;19;0;0;0
2019-02-15 12:19:01;20.179078102112;0;0;0;19;0;0;0
2019-02-15 12:20:01;20.123656988144;0;0;0;19;0;0;0
2019-02-15 12:21:01;20.050137042999;0;0;0;19;0;0;0
2019-02-15 12:22:01;20.102274894714;0;0;0;19;0;0;0
2019-02-15 12:23:02;20.047278881073;0;0;0;19;0;0;0
2019-02-15 12:24:01;20.180764913559;0;0;0;19;0;0;0
2019-02-15 12:25:01;20.252994060516;0;0;0;19;0;0;0
2019-02-15 12:26:01;20.204037189484;0;0;0;19;0;0;0
2019-02-15 12:27:01;20.060548067093;0;0;0;19;0;0;0
2019-02-15 12:28:01;20.269297838211;0;0;0;19;0;0;0
2019-02-15 12:29:01;20.110141038895;0;0;0;19;0;0;0
2019-02-15 12:30:01;20.26349401474;0;0;0;19;0;0;0
2019-02-15 12:31:01;20.063736915588;0;0;0;19;0;0;0
2019-02-15 12:32:01;20.165051937103;0;0;0;19;0;0;0
2019-02-15 12:33:01;20.072736978531;0;0;0;19;0;0;0
2019-02-15 12:34:01;20.13151884079;0;0;0;19;0;0;0
2019-02-15 12:35:02;20.271306037903;0;0;0;19;0;0;0
2019-02-15 12:36:02;20.241206884384;0;0;0;19;0;0;0
2019-02-15 12:37:02;20.15532207489;0;0;0;19;0;0;0
2019-02-15 12:38:01;20.103202819824;0;0;0;19;0;0;0
2019-02-15 12:39:02;20.183888912201;0;0;0;19;0;0;0
2019-02-15 12:40:01;20.249519109726;0;0;0;19;0;0;0
2019-02-15 12:41:01;20.058347940445;0;0;0;19;0;0;0
2019-02-15 12:42:01;20.107932090759;0;0;0;19;0;0;0
2019-02-15 12:43:01;20.267616987228;0;0;0;19;0;0;0
2019-02-15 12:44:01;20.190420866013;0;0;0;19;0;0;0
2019-02-15 12:45:01;20.128664970398;0;0;0;19;0;0;0
2019-02-15 12:46:01;20.036417007446;0;0;0;19;0;0;0
2019-02-15 12:47:01;20.094815969467;0;0;0;19;0;0;0
2019-02-15 12:48:01;20.189669132233;0;0;0;19;0;0;0
2019-02-15 12:49:01;20.21071600914;0;0;0;19;0;0;0
2019-02-15 12:50:01;20.241427183151;0;0;0;19;0;0;0
2019-02-15 12:51:01;20.089089155197;0;0;0;19;0;0;0
2019-02-15 12:52:02;20.167950868607;0;0;0;19;0;0;0
2019-02-15 12:53:01;20.156949996948;0;0;0;19;0;0;0
2019-02-15 12:54:01;20.196439027786;0;0;0;19;0;0;0
2019-02-15 12:55:01;20.244469165802;0;0;0;19;0;0;0
2019-02-15 12:56:01;20.095700025558;0;0;0;19;0;0;0
2019-02-15 12:57:01;20.167013883591;0;0;0;19;0;0;0
2019-02-15 12:58:01;20.153136014938;0;0;0;19;0;0;0
2019-02-15 12:59:01;20.262202978134;0;0;0;19;0;0;0
2019-02-15 13:00:01;20.054341077805;0;0;0;19;0;0;0
2019-02-15 13:01:01;20.115240097046;0;0;0;19;0;0;0
2019-02-15 13:02:01;20.267311096191;0;0;0;19;0;0;0
2019-02-15 13:03:01;20.133230209351;0;0;0;19;0;0;0
2019-02-15 13:04:01;20.232949972153;0;0;0;19;0;0;0
2019-02-15 13:05:01;20.194589138031;0;0;0;19;0;0;0
2019-02-15 13:06:01;20.263240098953;0;0;0;19;0;0;0
2019-02-15 13:07:01;20.221063137054;0;0;0;19;0;0;0
2019-02-15 13:08:01;20.159385919571;0;0;0;19;0;0;0
2019-02-15 13:09:01;20.228935003281;0;0;0;19;0;0;0
2019-02-15 13:10:01;20.163309812546;0;0;0;18;0;0;0
2019-02-15 13:11:01;20.156794071198;0;0;0;18;0;0;0
2019-02-15 13:12:01;20.117763996124;0;0;0;18;0;0;0
2019-02-15 13:13:01;20.145795822144;0;0;0;18;0;0;0
2019-02-15 13:14:01;20.209331035614;0;0;0;18;0;0;0
2019-02-15 13:15:01;20.25928902626;0;0;0;18;0;0;0
2019-02-15 13:16:01;20.05283498764;0;0;0;18;0;0;0
2019-02-15 13:17:01;20.056891918182;0;0;0;19;0;0;0
2019-02-15 13:18:01;20.138898134232;0;0;0;19;0;0;0
2019-02-15 13:19:01;20.18331193924;0;0;0;19;0;0;0
2019-02-15 13:20:01;20.140319108963;0;0;0;19;0;0;0
2019-02-15 13:21:01;20.164433002472;0;0;0;19;0;0;0
2019-02-15 13:22:02;20.092125892639;0;0;0;19;0;0;0
2019-02-15 13:23:01;20.189548015594;0;0;0;19;0;0;0
2019-02-15 13:24:01;20.144613981247;0;0;0;19;0;0;0
2019-02-15 13:25:01;20.203397989273;0;0;0;19;0;0;0
2019-02-15 13:26:01;20.234701156616;0;0;0;19;0;0;0
2019-02-15 13:27:01;20.144765138626;0;0;0;19;0;0;0
2019-02-15 13:28:01;20.266080141068;0;0;0;19;0;0;0
2019-02-15 13:29:01;20.147387981415;0;0;0;19;0;0;0
2019-02-15 13:30:01;20.233088970184;0;0;0;19;0;0;0
2019-02-15 13:31:01;20.066720962524;0;0;0;19;0;0;0
2019-02-15 13:32:01;20.097651958466;0;0;0;19;0;0;0
2019-02-15 13:33:01;20.254193067551;0;0;0;19;0;0;0
2019-02-15 13:34:01;20.129565000534;0;0;0;19;0;0;0
2019-02-15 13:35:01;20.22785115242;0;0;0;19;0;0;0
2019-02-15 13:36:01;20.216156959534;0;0;0;19;0;0;0
2019-02-15 13:37:02;20.278996944427;0;0;0;19;0;0;0
2019-02-15 13:38:01;20.230268001556;0;0;0;19;0;0;0
2019-02-15 13:39:01;20.086760997772;0;0;0;19;0;0;0
2019-02-15 13:40:02;20.263664960861;0;0;0;19;0;0;0
2019-02-15 13:41:01;20.137735843658;0;0;0;19;0;0;0
2019-02-15 13:42:01;20.214216947556;0;0;0;19;0;0;0
2019-02-15 13:43:01;20.17670917511;0;0;0;19;0;0;0
2019-02-15 13:44:02;20.130378961563;0;0;0;19;0;0;0
2019-02-15 13:45:01;20.083542108536;0;0;0;19;0;0;0
2019-02-15 13:46:01;20.133038043976;0;0;0;19;0;0;0
2019-02-15 13:47:01;20.263325929642;0;0;0;19;0;0;0
2019-02-15 13:48:01;20.178472042084;0;0;0;19;0;0;0
2019-02-15 13:49:01;20.126685142517;0;0;0;19;0;0;0
2019-02-15 13:50:01;20.129957914352;0;0;0;19;0;0;0
2019-02-15 13:51:02;20.223466873169;0;0;0;19;0;0;0
2019-02-15 13:52:01;20.054231882095;0;0;0;19;0;0;0
2019-02-15 13:53:01;20.198472976685;0;0;0;19;0;0;0
2019-02-15 13:54:01;20.131083011627;0;0;0;19;0;0;0
2019-02-15 13:55:01;20.133176088333;0;0;0;19;0;0;0
2019-02-15 13:56:01;20.214678049088;0;0;0;19;0;0;0
2019-02-15 13:57:01;20.249931812286;0;0;0;19;0;0;0
2019-02-15 13:58:01;20.124711036682;0;0;0;19;0;0;0
2019-02-15 13:59:01;20.112851858139;0;0;0;19;0;0;0
2019-02-15 14:00:01;20.218754053116;0;0;0;19;0;0;0
2019-02-15 14:01:02;20.122007846832;0;0;0;19;0;0;0
2019-02-15 14:02:01;20.103199005127;0;0;0;19;0;0;0
2019-02-15 14:03:01;20.128029108047;0;0;0;19;0;0;0
2019-02-15 14:04:01;20.243964910507;0;0;0;19;0;0;0
2019-02-15 14:05:01;20.107059001923;0;0;0;19;0;0;0
2019-02-15 14:06:01;20.134466171265;0;0;0;19;0;0;0
2019-02-15 14:07:01;20.1818151474;0;0;0;19;0;0;0
2019-02-15 14:08:01;20.098872900009;0;0;0;19;0;0;0
2019-02-15 14:09:01;20.256927013397;0;0;0;19;0;0;0
2019-02-15 14:10:01;20.139086008072;0;0;0;19;0;0;0
2019-02-15 14:11:02;20.11958694458;0;0;0;19;0;0;0
2019-02-15 14:12:02;20.236815929413;0;0;0;19;0;0;0
2019-02-15 14:13:02;20.144807100296;0;0;0;19;0;0;0
2019-02-15 14:14:01;20.07099199295;0;0;0;19;0;0;0
2019-02-15 14:15:01;20.23855304718;0;0;0;19;0;0;0
2019-02-15 14:16:01;20.223862886429;0;0;0;19;0;0;0
2019-02-15 14:17:01;20.217797040939;0;0;0;19;0;0;0
2019-02-15 14:18:01;20.228080034256;0;0;0;19;0;0;0
2019-02-15 14:19:01;20.266992092133;0;0;0;19;0;0;0
2019-02-15 14:20:01;20.22159409523;0;0;0;19;0;0;0
2019-02-15 14:21:01;20.109954118729;0;0;0;19;0;0;0
2019-02-15 14:22:01;20.1673848629;0;0;0;19;0;0;0
2019-02-15 14:23:01;20.101468801498;0;0;0;19;0;0;0
2019-02-15 14:24:01;20.243447065353;0;0;0;19;0;0;0
2019-02-15 14:25:01;20.145185947418;0;0;0;19;0;0;0
2019-02-15 14:26:01;20.244313001633;0;0;0;19;0;0;0
2019-02-15 14:27:01;20.052402973175;0;0;0;19;0;0;0
2019-02-15 14:28:01;20.233069896698;0;0;0;19;0;0;0
2019-02-15 14:29:01;20.057577133179;0;0;0;19;0;0;0
2019-02-15 14:30:01;20.269083976746;0;0;0;19;0;0;0
2019-02-15 14:31:01;20.044295072556;0;0;0;19;0;0;0
2019-02-15 14:32:01;20.255758047104;0;0;0;19;0;0;0
2019-02-15 14:33:01;20.228164196014;0;0;0;19;0;0;0
2019-02-15 14:34:01;20.124119997025;0;0;0;19;0;0;0
2019-02-15 14:35:01;20.034073829651;0;0;0;19;0;0;0
2019-02-15 14:36:01;20.104465961456;0;0;0;19;0;0;0
2019-02-15 14:37:01;20.26588010788;0;0;0;19;0;0;0
2019-02-15 14:38:01;20.214127063751;0;0;0;19;0;0;0
2019-02-15 14:39:01;20.167844057083;0;0;0;19;0;0;0
2019-02-15 14:40:01;20.22723197937;0;0;0;19;0;0;0
2019-02-15 14:41:01;20.11901807785;0;0;0;19;0;0;0
2019-02-15 14:42:02;20.207914113998;0;0;0;19;0;0;0
2019-02-15 14:43:01;20.144109964371;0;0;0;19;0;0;0
2019-02-15 14:44:01;20.223409891129;0;0;0;19;0;0;0
2019-02-15 14:45:01;20.249019861221;0;0;0;19;0;0;0
2019-02-15 14:46:01;20.097796916962;0;0;0;19;0;0;0
2019-02-15 14:47:01;20.219927072525;0;0;0;19;0;0;0
2019-02-15 14:48:01;20.22119808197;0;0;0;19;0;0;0
2019-02-15 14:49:01;20.223903894424;0;0;0;19;0;0;0
2019-02-15 14:50:01;20.254436016083;0;0;0;19;0;0;0
2019-02-15 14:51:01;20.183870077133;0;0;0;19;0;0;0
2019-02-15 14:52:01;20.261364936829;0;0;0;19;0;0;0
2019-02-15 14:53:01;20.139771938324;0;0;0;19;0;0;0
2019-02-15 14:54:01;20.135318994522;0;0;0;19;0;0;0
2019-02-15 14:55:01;20.357602119446;0;0;0;19;0;0;0
2019-02-15 14:56:01;20.8956990242;0;0;0;19;0;0;0
2019-02-15 14:57:01;21.627788066864;0;0;0;19;0;0;0
2019-02-15 14:58:01;21.279728889465;0;0;0;19;0;0;0
2019-02-15 14:59:02;20.066696166992;0;0;0;19;0;0;0
2019-02-15 15:00:01;20.117713928223;0;0;0;19;0;0;0
2019-02-15 15:01:01;20.081143856049;0;0;0;19;0;0;0
2019-02-15 15:02:01;20.235088825226;0;0;0;19;0;0;0
2019-02-15 15:03:01;20.100707054138;0;0;0;19;0;0;0
2019-02-15 15:04:01;20.147572994232;0;0;0;19;0;0;0
2019-02-15 15:05:01;20.234795808792;0;0;0;19;0;0;0
2019-02-15 15:06:01;20.239727020264;0;0;0;19;0;0;0
2019-02-15 15:07:01;20.122272014618;0;0;0;19;0;0;0
2019-02-15 15:08:01;20.107638835907;0;0;0;19;0;0;0
2019-02-15 15:09:01;20.14382481575;0;0;0;19;0;0;0
2019-02-15 15:10:01;20.255322933197;0;0;0;19;0;0;0
2019-02-15 15:11:01;20.199513912201;0;0;0;19;0;0;0
2019-02-15 15:12:01;20.115978956223;0;0;0;19;0;0;0
2019-02-15 15:13:01;20.085687875748;0;0;0;19;0;0;0
2019-02-15 15:14:01;20.086105108261;0;0;0;19;0;0;0
2019-02-15 15:15:02;20.263644933701;0;0;0;19;0;0;0
2019-02-15 15:16:02;20.281275033951;0;0;0;19;0;0;0
2019-02-15 15:17:02;20.137526035309;0;0;0;19;0;0;0
2019-02-15 15:18:01;20.096071958542;0;0;0;19;0;0;0
2019-02-15 15:19:01;20.21009683609;0;0;0;19;0;0;0
2019-02-15 15:20:01;20.195295095444;0;0;0;19;0;0;0
2019-02-15 15:21:01;20.259855985641;0;0;0;19;0;0;0
2019-02-15 15:22:01;20.141313076019;0;0;0;19;0;0;0
2019-02-15 15:23:01;20.248573064804;0;0;0;19;0;0;0
2019-02-15 15:24:01;20.224059104919;0;0;0;19;0;0;0
2019-02-15 15:25:01;20.131398200989;0;0;0;19;0;0;0
2019-02-15 15:26:01;20.175362110138;0;0;0;19;0;0;0
2019-02-15 15:27:02;20.27281498909;0;0;0;19;0;0;0
2019-02-15 15:28:02;20.084650039673;0;0;0;19;0;0;0
2019-02-15 15:29:01;20.278583049774;0;0;0;19;0;0;0
2019-02-15 15:30:02;20.264224052429;0;0;0;19;0;0;0
2019-02-15 15:31:01;20.253115177155;0;0;0;19;0;0;0
2019-02-15 15:32:01;20.277769088745;0;0;0;19;0;0;0
2019-02-15 15:33:01;20.133236885071;0;0;0;19;0;0;0
2019-02-15 15:34:01;20.222203016281;0;0;0;19;0;0;0
2019-02-15 15:35:01;20.264206886292;0;0;0;19;0;0;0
2019-02-15 15:36:01;20.257942914963;0;0;0;19;0;0;0
2019-02-15 15:37:02;20.182363986969;0;0;0;19;0;0;0
2019-02-15 15:38:01;20.150980949402;0;0;0;19;0;0;0
2019-02-15 15:39:01;20.073786973953;0;0;0;19;0;0;0
2019-02-15 15:40:01;20.267786979675;0;0;0;19;0;0;0
2019-02-15 15:41:01;20.101769924164;0;0;0;19;0;0;0
2019-02-15 15:42:01;20.27165389061;0;0;0;19;0;0;0
2019-02-15 15:43:01;20.270747900009;0;0;0;19;0;0;0
2019-02-15 15:44:01;20.06023311615;0;0;0;19;0;0;0
2019-02-15 15:45:01;20.253576993942;0;0;0;19;0;0;0
2019-02-15 15:46:01;20.050784111023;0;0;0;19;0;0;0
2019-02-15 15:47:01;20.172611951828;0;0;0;19;0;0;0
2019-02-15 15:48:02;20.218212842941;0;0;0;19;0;0;0
2019-02-15 15:49:02;20.198373794556;0;0;0;19;0;0;0
2019-02-15 15:50:01;20.094660043716;0;0;0;19;0;0;0
2019-02-15 15:51:01;20.154661178589;0;0;0;19;0;0;0
2019-02-15 15:52:01;20.207828044891;0;0;0;19;0;0;0
2019-02-15 15:53:01;20.22376203537;0;0;0;19;0;0;0
2019-02-15 15:54:01;20.142138957977;0;0;0;19;0;0;0
2019-02-15 15:55:01;20.06427192688;0;0;0;19;0;0;0
2019-02-15 15:56:01;20.099010944366;0;0;0;19;0;0;0
2019-02-15 15:57:01;20.077392816544;0;0;0;19;0;0;0
2019-02-15 15:58:01;20.191732168198;0;0;0;19;0;0;0
2019-02-15 15:59:02;20.092774868011;0;0;0;19;0;0;0
2019-02-15 16:00:01;20.133979082108;0;0;0;19;0;0;0
2019-02-15 16:01:01;20.279731035233;0;0;0;19;0;0;0
2019-02-15 16:02:01;20.057046890259;0;0;0;19;0;0;0
2019-02-15 16:03:01;20.122292041779;0;0;0;19;0;0;0
2019-02-15 16:04:01;20.107728004456;0;0;0;19;0;0;0
2019-02-15 16:05:01;20.100162029266;0;0;0;19;0;0;0
2019-02-15 16:06:02;20.108762025833;0;0;0;19;0;0;0
2019-02-15 16:07:01;20.108149051666;0;0;0;19;0;0;0
2019-02-15 16:08:01;20.130362033844;0;0;0;19;0;0;0
2019-02-15 16:09:01;20.095410108566;0;0;0;19;0;0;0
2019-02-15 16:10:01;20.119481086731;0;0;0;19;0;0;0
2019-02-15 16:11:01;20.200016021729;0;0;0;19;0;0;0
2019-02-15 16:12:01;20.128608942032;0;0;0;19;0;0;0
2019-02-15 16:13:02;20.089278936386;0;0;0;19;0;0;0
2019-02-15 16:14:01;20.072205066681;0;0;0;19;0;0;0
2019-02-15 16:15:01;20.248029947281;0;0;0;19;0;0;0
2019-02-15 16:16:01;20.254043102264;0;0;0;19;0;0;0
2019-02-15 16:17:01;20.213382959366;0;0;0;19;0;0;0
2019-02-15 16:18:01;20.264976978302;0;0;0;19;0;0;0
2019-02-15 16:19:01;20.09335899353;0;0;0;19;0;0;0
2019-02-15 16:20:01;20.259318113327;0;0;0;19;0;0;0
2019-02-15 16:21:01;20.169450044632;0;0;0;19;0;0;0
2019-02-15 16:22:01;20.202810049057;0;0;0;19;0;0;0
2019-02-15 16:23:01;20.27537894249;0;0;0;19;0;0;0
2019-02-15 16:24:01;20.097062826157;0;0;0;19;0;0;0
2019-02-15 16:25:01;20.082790136337;0;0;0;19;0;0;0
2019-02-15 16:26:01;20.263884067535;0;0;0;19;0;0;0
2019-02-15 16:27:01;20.234304904938;0;0;0;19;0;0;0
2019-02-15 16:28:02;20.084287881851;0;0;0;19;0;0;0
2019-02-15 16:29:01;20.205285072327;0;0;0;19;0;0;0
2019-02-15 16:30:01;20.265181064606;0;0;0;19;0;0;0
2019-02-15 16:31:01;20.2523188591;0;0;0;19;0;0;0
2019-02-15 16:32:01;20.305487155914;0;0;0;19;0;0;0
2019-02-15 16:33:01;20.264641046524;0;0;0;19;0;0;0
2019-02-15 16:34:01;20.168912887573;0;0;0;19;0;0;0
2019-02-15 16:35:01;20.137021064758;0;0;0;19;0;0;0
2019-02-15 16:36:01;20.246829032898;0;0;0;19;0;0;0
2019-02-15 16:37:01;20.198564052582;0;0;0;19;0;0;0
2019-02-15 16:38:01;20.053937911987;0;0;0;19;0;0;0
2019-02-15 16:39:01;20.191658973694;0;0;0;19;0;0;0
2019-02-15 16:40:01;20.105450868607;0;0;0;19;0;0;0
2019-02-15 16:41:01;20.103838920593;0;0;0;19;0;0;0
2019-02-15 16:42:02;20.23265004158;0;0;0;19;0;0;0
2019-02-15 16:43:02;20.221041202545;0;0;0;19;0;0;0
2019-02-15 16:44:02;20.119936943054;0;0;0;19;0;0;0
2019-02-15 16:45:01;20.268918037415;0;0;0;19;0;0;0
2019-02-15 16:46:01;20.059777021408;0;0;0;19;0;0;0
2019-02-15 16:47:01;20.098222017288;0;0;0;19;0;0;0
2019-02-15 16:48:01;20.23472905159;0;0;0;19;0;0;0
2019-02-15 16:49:01;20.129404067993;0;0;0;19;0;0;0
2019-02-15 16:50:01;20.235440015793;0;0;0;19;0;0;0
2019-02-15 16:51:01;20.077612876892;0;0;0;19;0;0;0
2019-02-15 16:52:01;20.079965829849;0;0;0;19;0;0;0
2019-02-15 16:53:02;20.142660856247;0;0;0;19;0;0;0
2019-02-15 16:54:01;20.25795507431;0;0;0;19;0;0;0
2019-02-15 16:55:01;20.263349056244;0;0;0;19;0;0;0
2019-02-15 16:56:01;20.138432025909;0;0;0;19;0;0;0
2019-02-15 16:57:01;20.18224811554;0;0;0;19;0;0;0
2019-02-15 16:58:01;20.27635383606;0;0;0;19;0;0;0
2019-02-15 16:59:01;20.284562110901;0;0;0;19;0;0;0
2019-02-15 17:00:01;20.160974025726;0;0;0;19;0;0;0
2019-02-15 17:01:01;20.26509809494;0;0;0;19;0;0;0
2019-02-15 17:02:01;20.24031996727;0;0;0;19;0;0;0
2019-02-15 17:03:01;20.184036970139;0;0;0;19;0;0;0
2019-02-15 17:04:01;20.102292060852;0;0;0;19;0;0;0
2019-02-15 17:05:01;20.256816148758;0;0;0;19;0;0;0
2019-02-15 17:06:01;20.114445924759;0;0;0;19;0;0;0
2019-02-15 17:07:01;20.131189823151;0;0;0;19;0;0;0
2019-02-15 17:08:01;20.093713998795;0;0;0;19;0;0;0
2019-02-15 17:09:01;20.18546795845;0;0;0;19;0;0;0
2019-02-15 17:10:01;20.259840965271;0;0;0;19;0;0;0
2019-02-15 17:11:01;20.050354003906;0;0;0;19;0;0;0
2019-02-15 17:12:01;20.190359830856;0;0;0;19;0;0;0
2019-02-15 17:13:01;20.27539396286;0;0;0;19;0;0;0
2019-02-15 17:14:01;20.140079975128;0;0;0;19;0;0;0
2019-02-15 17:15:01;20.197386980057;0;0;0;19;0;0;0
2019-02-15 17:16:01;20.094058036804;0;0;0;19;0;0;0
2019-02-15 17:17:01;20.222747087479;0;0;0;19;0;0;0
2019-02-15 17:18:01;20.196799993515;0;0;0;19;0;0;0
2019-02-15 17:19:01;20.082134962082;0;0;0;19;0;0;0
2019-02-15 17:20:01;20.090280056;0;0;0;19;0;0;0
2019-02-15 17:21:01;20.210337877274;0;0;0;19;0;0;0
2019-02-15 17:22:02;20.26958990097;0;0;0;19;0;0;0
2019-02-15 17:23:02;20.264637947083;0;0;0;19;0;0;0
2019-02-15 17:24:01;20.059756994247;0;0;0;19;0;0;0
2019-02-15 17:25:01;20.228978872299;0;0;0;19;0;0;0
2019-02-15 17:26:01;20.07063293457;0;0;0;19;0;0;0
2019-02-15 17:27:01;20.258960008621;0;0;0;19;0;0;0
2019-02-15 17:28:01;20.064934968948;0;0;0;19;0;0;0
2019-02-15 17:29:01;20.088173866272;0;0;0;19;0;0;0
2019-02-15 17:30:02;20.238142967224;0;0;0;19;0;0;0
2019-02-15 17:31:02;20.243808984756;0;0;0;19;0;0;0
2019-02-15 17:32:02;20.251904010773;0;0;0;19;0;0;0
2019-02-15 17:33:02;20.177638053894;0;0;0;19;0;0;0
2019-02-15 17:34:01;20.165136098862;0;0;0;19;0;0;0
2019-02-15 17:35:01;20.192348003387;0;0;0;19;0;0;0
2019-02-15 17:36:01;20.225476026535;0;0;0;19;0;0;0
2019-02-15 17:37:01;20.273478031158;0;0;0;19;0;0;0
2019-02-15 17:38:01;20.246390104294;0;0;0;19;0;0;0
2019-02-15 17:39:01;20.094253063202;0;0;0;19;0;0;0
2019-02-15 17:40:01;20.258354902267;0;0;0;19;0;0;0
2019-02-15 17:41:01;20.502990961075;0;0;0;19;0;0;0
2019-02-15 17:42:01;20.136995077133;0;0;0;19;0;0;0
2019-02-15 17:43:01;20.10031580925;0;0;0;19;0;0;0
2019-02-15 17:44:01;20.148816108704;0;0;0;19;0;0;0
2019-02-15 17:45:02;20.258945941925;0;0;0;19;0;0;0
2019-02-15 17:46:01;20.105731010437;0;0;0;19;0;0;0
2019-02-15 17:47:01;20.259490013123;0;0;0;19;0;0;0
2019-02-15 17:48:01;20.154304027557;0;0;0;19;0;0;0
2019-02-15 17:49:01;20.234843015671;0;0;0;19;0;0;0
2019-02-15 17:50:01;20.172544002533;0;0;0;19;0;0;0
2019-02-15 17:51:01;20.197664022446;0;0;0;19;0;0;0
2019-02-15 17:52:01;20.18804192543;0;0;0;19;0;0;0
2019-02-15 17:53:01;20.07759809494;0;0;0;19;0;0;0
2019-02-15 17:54:01;20.11194396019;0;0;0;19;0;0;0
2019-02-15 17:55:01;20.108129024506;0;0;0;19;0;0;0
2019-02-15 17:56:01;20.208983898163;0;0;0;19;0;0;0
2019-02-15 17:57:01;20.234875917435;0;0;0;19;0;0;0
2019-02-15 17:58:01;20.260287046432;0;0;0;19;0;0;0
2019-02-15 17:59:01;20.221957206726;0;0;0;19;0;0;0
2019-02-15 18:00:01;20.062390089035;0;0;0;19;0;0;0
2019-02-15 18:01:01;20.100756883621;0;0;0;19;0;0;0
2019-02-15 18:02:02;20.242277860641;0;0;0;19;0;0;0
2019-02-15 18:03:01;20.099034070969;0;0;0;19;0;0;0
2019-02-15 18:04:01;20.063935041428;0;0;0;19;0;0;0
2019-02-15 18:05:01;20.257102012634;0;0;0;19;0;0;0
2019-02-15 18:06:01;20.237004041672;0;0;0;19;0;0;0
2019-02-15 18:07:01;20.106409072876;0;0;0;19;0;0;0
2019-02-15 18:08:01;20.157706022263;0;0;0;19;0;0;0
2019-02-15 18:09:01;20.224416971207;0;0;0;19;0;0;0
2019-02-15 18:10:01;20.223428010941;0;0;0;19;0;0;0
2019-02-15 18:11:01;20.169368028641;0;0;0;19;0;0;0
2019-02-15 18:12:01;20.054759979248;0;0;0;19;0;0;0
2019-02-15 18:13:02;20.192091941833;0;0;0;19;0;0;0
2019-02-15 18:14:02;20.255141973495;0;0;0;19;0;0;0
2019-02-15 18:15:01;20.229686021805;0;0;0;19;0;0;0
2019-02-15 18:16:01;20.239826917648;0;0;0;19;0;0;0
2019-02-15 18:17:02;20.253633022308;0;0;0;19;0;0;0
2019-02-15 18:18:01;20.228821992874;0;0;0;19;0;0;0
2019-02-15 18:19:01;20.150005102158;0;0;0;19;0;0;0
2019-02-15 18:20:02;20.254021883011;0;0;0;19;0;0;0
2019-02-15 18:21:01;20.212756156921;0;0;0;19;0;0;0
2019-02-15 18:22:01;20.059332132339;0;0;0;19;0;0;0
2019-02-15 18:23:01;20.26543712616;0;0;0;19;0;0;0
2019-02-15 18:24:01;20.08331489563;0;0;0;19;0;0;0
2019-02-15 18:25:01;20.258678197861;0;0;0;19;0;0;0
2019-02-15 18:26:02;20.152923107147;0;0;0;19;0;0;0
2019-02-15 18:27:01;20.051648139954;0;0;0;19;0;0;0
2019-02-15 18:28:01;20.205508947372;0;0;0;19;0;0;0
2019-02-15 18:29:01;20.047384977341;0;0;0;19;0;0;0
2019-02-15 18:30:01;20.164974212646;0;0;0;19;0;0;0
2019-02-15 18:31:01;20.19616985321;0;0;0;19;0;0;0
2019-02-15 18:32:01;20.10489988327;0;0;0;19;0;0;0
2019-02-15 18:33:01;20.158072948456;0;0;0;19;0;0;0
2019-02-15 18:34:01;20.175193071365;0;0;0;19;0;0;0
2019-02-15 18:35:01;20.23926115036;0;0;0;19;0;0;0
2019-02-15 18:36:01;20.197108030319;0;0;0;19;0;0;0
2019-02-15 18:37:01;20.146092891693;0;0;0;19;0;0;0
2019-02-15 18:38:01;20.119184017181;0;0;0;19;0;0;0
2019-02-15 18:39:01;20.186224937439;0;0;0;19;0;0;0
2019-02-15 18:40:01;20.091343164444;0;0;0;19;0;0;0
2019-02-15 18:41:01;20.945518016815;0;0;0;19;0;0;0
2019-02-15 18:42:01;20.167383909225;0;0;0;19;0;0;0
2019-02-15 18:43:01;20.359988927841;0;0;0;19;0;0;0
2019-02-15 18:44:01;20.255703926086;0;0;0;19;0;0;0
2019-02-15 18:45:01;20.209866046906;0;0;0;19;0;0;0
2019-02-15 18:46:01;20.275733947754;0;0;0;19;0;0;0
2019-02-15 18:47:01;20.165194988251;0;0;0;19;0;0;0
2019-02-15 18:48:01;20.1913189888;0;0;0;19;0;0;0
2019-02-15 18:49:01;20.155696868896;0;0;0;19;0;0;0
2019-02-15 18:50:01;20.102429866791;0;0;0;19;0;0;0
2019-02-15 18:51:01;20.196650981903;0;0;0;19;0;0;0
2019-02-15 18:52:01;20.201930999756;0;0;0;19;0;0;0
2019-02-15 18:53:01;20.288308143616;0;0;0;19;0;0;0
2019-02-15 18:54:01;20.189176082611;0;0;0;19;0;0;0
2019-02-15 18:55:02;20.23335313797;0;0;0;19;0;0;0
2019-02-15 18:56:02;20.130481958389;0;0;0;19;0;0;0
2019-02-15 18:57:01;20.119565010071;0;0;0;19;0;0;0
2019-02-15 18:58:01;20.138364076614;0;0;0;19;0;0;0
2019-02-15 18:59:01;20.127197027206;0;0;0;19;0;0;0
2019-02-15 19:00:01;20.23125910759;0;0;0;19;0;0;0
2019-02-15 19:01:01;20.074036836624;0;0;0;19;0;0;0
2019-02-15 19:02:01;20.137624979019;0;0;0;19;0;0;0
2019-02-15 19:03:01;20.288320064545;0;0;0;19;0;0;0
2019-02-15 19:04:01;20.1761739254;0;0;0;19;0;0;0
2019-02-15 19:05:01;20.188715934753;0;0;0;19;0;0;0
2019-02-15 19:06:02;20.186738967896;0;0;0;19;0;0;0
2019-02-15 19:07:02;20.113341093063;0;0;0;19;0;0;0
2019-02-15 19:08:01;20.236906051636;0;0;0;19;0;0;0
2019-02-15 19:09:01;20.214381933212;0;0;0;19;0;0;0
2019-02-15 19:10:01;20.227617025375;0;0;0;19;0;0;0
2019-02-15 19:11:01;20.182976007462;0;0;0;19;0;0;0
2019-02-15 19:12:01;20.211105823517;0;0;0;19;0;0;0
2019-02-15 19:13:01;20.075828075409;0;0;0;19;0;0;0
2019-02-15 19:14:01;20.199615001678;0;0;0;19;0;0;0
2019-02-15 19:15:01;20.075489997864;0;0;0;19;0;0;0
2019-02-15 19:16:01;20.111601114273;0;0;0;19;0;0;0
2019-02-15 19:17:01;20.245526075363;0;0;0;19;0;0;0
2019-02-15 19:18:01;20.252480983734;0;0;0;19;0;0;0
2019-02-15 19:19:01;20.148626804352;0;0;0;19;0;0;0
2019-02-15 19:20:02;20.150045156479;0;0;0;19;0;0;0
2019-02-15 19:21:02;20.25904417038;0;0;0;19;0;0;0
2019-02-15 19:22:01;20.216959953308;0;0;0;19;0;0;0
2019-02-15 19:23:02;20.095732927322;0;0;0;19;0;0;0
2019-02-15 19:24:02;20.253799915314;0;0;0;19;0;0;0
2019-02-15 19:25:01;20.118484020233;0;0;0;19;0;0;0
2019-02-15 19:26:01;20.155833005905;0;0;0;19;0;0;0
2019-02-15 19:27:01;20.104573965073;0;0;0;19;0;0;0
2019-02-15 19:28:01;20.230426073074;0;0;0;19;0;0;0
2019-02-15 19:29:01;20.065538883209;0;0;0;19;0;0;0
2019-02-15 19:30:01;20.072628974915;0;0;0;19;0;0;0
2019-02-15 19:31:01;20.051020145416;0;0;0;19;0;0;0
2019-02-15 19:32:01;20.214820146561;0;0;0;19;0;0;0
2019-02-15 19:33:01;20.100569009781;0;0;0;19;0;0;0
2019-02-15 19:34:01;20.151752948761;0;0;0;19;0;0;0
2019-02-15 19:35:01;20.263424873352;0;0;0;19;0;0;0
2019-02-15 19:36:01;20.165770053864;0;0;0;19;0;0;0
2019-02-15 19:37:02;20.245113134384;0;0;0;19;0;0;0
2019-02-15 19:38:02;20.073065042496;0;0;0;19;0;0;0
2019-02-15 19:39:01;20.162753105164;0;0;0;19;0;0;0
2019-02-15 19:40:01;20.15190410614;0;0;0;19;0;0;0
2019-02-15 19:41:01;20.107244968414;0;0;0;19;0;0;0
2019-02-15 19:42:01;20.254902839661;0;0;0;19;0;0;0
2019-02-15 19:43:01;20.113251924515;0;0;0;19;0;0;0
2019-02-15 19:44:01;20.173591852188;0;0;0;19;0;0;0
2019-02-15 19:45:01;20.15247797966;0;0;0;19;0;0;0
2019-02-15 19:46:02;20.052862167358;0;0;0;19;0;0;0
2019-02-15 19:47:01;20.129874944687;0;0;0;19;0;0;0
2019-02-15 19:48:01;20.28294301033;0;0;0;19;0;0;0
2019-02-15 19:49:01;20.101560115814;0;0;0;19;0;0;0
2019-02-15 19:50:01;20.24493098259;0;0;0;19;0;0;0
2019-02-15 19:51:01;20.053867101669;0;0;0;19;0;0;0
2019-02-15 19:52:01;20.219273805618;0;0;0;19;0;0;0
2019-02-15 19:53:02;20.187458992004;0;0;0;19;0;0;0
2019-02-15 19:54:01;20.226052045822;0;0;0;19;0;0;0
2019-02-15 19:55:01;20.135167121887;0;0;0;19;0;0;0
2019-02-15 19:56:01;20.173115968704;0;0;0;19;0;0;0
2019-02-15 19:57:01;20.156208992004;0;0;0;19;0;0;0
2019-02-15 19:58:01;20.16618180275;0;0;0;19;0;0;0
2019-02-15 19:59:02;20.061553955078;0;0;0;19;0;0;0
2019-02-15 20:00:01;20.234224796295;0;0;0;19;0;0;0
2019-02-15 20:01:02;20.11398601532;0;0;0;19;0;0;0
2019-02-15 20:02:01;20.254287004471;0;0;0;19;0;0;0
2019-02-15 20:03:02;20.197073936462;0;0;0;19;0;0;0
2019-02-15 20:04:01;20.158381223679;0;0;0;19;0;0;0
2019-02-15 20:05:02;20.201804876328;0;0;0;19;0;0;0
2019-02-15 20:06:01;20.194427967072;0;0;0;19;0;0;0
2019-02-15 20:07:01;20.259593009949;0;0;0;19;0;0;0
2019-02-15 20:08:01;20.272663116455;0;0;0;19;0;0;0
2019-02-15 20:09:01;20.210355997086;0;0;0;19;0;0;0
2019-02-15 20:10:01;20.095314979553;0;0;0;19;0;0;0
2019-02-15 20:11:01;20.114931106567;0;0;0;19;0;0;0
2019-02-15 20:12:02;20.10310792923;0;0;0;19;0;0;0
2019-02-15 20:13:01;20.081425905228;0;0;0;19;0;0;0
2019-02-15 20:14:01;20.10267496109;0;0;0;19;0;0;0
2019-02-15 20:15:01;20.215255022049;0;0;0;19;0;0;0
2019-02-15 20:16:01;20.239151954651;0;0;0;19;0;0;0
2019-02-15 20:17:01;20.207236051559;0;0;0;19;0;0;0
2019-02-15 20:18:01;20.044462919235;0;0;0;19;0;0;0
2019-02-15 20:19:01;20.159268140793;0;0;0;19;0;0;0
2019-02-15 20:20:01;20.244183063507;0;0;0;19;0;0;0
2019-02-15 20:21:01;20.156380176544;0;0;0;19;0;0;0
2019-02-15 20:22:01;20.224179983139;0;0;0;19;0;0;0
2019-02-15 20:23:01;20.187475919724;0;0;0;19;0;0;0
2019-02-15 20:24:02;20.229974031448;0;0;0;19;0;0;0
2019-02-15 20:25:01;20.236911058426;0;0;0;19;0;0;0
2019-02-15 20:26:01;20.259021043777;0;0;0;19;0;0;0
2019-02-15 20:27:01;20.24916601181;0;0;0;19;0;0;0
2019-02-15 20:28:01;20.21199798584;0;0;0;19;0;0;0
2019-02-15 20:29:01;20.284127950668;0;0;0;19;0;0;0
2019-02-15 20:30:01;20.07214307785;0;0;0;19;0;0;0
2019-02-15 20:32:01;18.898074865341;0;0;0;19;0;0;0
2019-02-15 20:31:01;78.10692691803;0;0;0;19;0;0;0
2019-02-15 20:33:01;20.307219028473;0;0;0;19;0;0;0
2019-02-15 20:34:02;20.843571901321;0;0;0;19;0;0;0
2019-02-15 20:35:01;20.151834964752;0;0;0;19;0;0;0
2019-02-15 20:36:01;20.220366001129;0;0;0;19;0;0;0
2019-02-15 20:37:01;20.203819990158;0;0;0;19;0;0;0
2019-02-15 20:38:02;20.182006120682;0;0;0;19;0;0;0
2019-02-15 20:39:01;20.210994005203;0;0;0;19;0;0;0
2019-02-15 20:40:02;20.225742101669;0;0;0;19;0;0;0
2019-02-15 20:41:01;20.251775026321;0;0;0;19;0;0;0
2019-02-15 20:42:01;20.201392889023;0;0;0;19;0;0;0
2019-02-15 20:43:01;20.08318400383;0;0;0;19;0;0;0
2019-02-15 20:44:01;20.252475976944;0;0;0;19;0;0;0
2019-02-15 20:45:01;20.180762052536;0;0;0;19;0;0;0
2019-02-15 20:46:01;20.067181825638;0;0;0;19;0;0;0
2019-02-15 20:47:01;20.183465003967;0;0;0;19;0;0;0
2019-02-15 20:48:01;20.233859062195;0;0;0;19;0;0;0
2019-02-15 20:49:01;20.231084823608;0;0;0;19;0;0;0
2019-02-15 20:50:01;20.178200006485;0;0;0;19;0;0;0
2019-02-15 20:51:01;20.092888116837;0;0;0;19;0;0;0
2019-02-15 20:52:01;20.177529096603;0;0;0;19;0;0;0
2019-02-15 20:53:01;20.275460958481;0;0;0;19;0;0;0
2019-02-15 20:54:01;20.247837781906;0;0;0;19;0;0;0
2019-02-15 20:55:01;20.227286100388;0;0;0;19;0;0;0
2019-02-15 20:56:01;20.092828989029;0;0;0;19;0;0;0
2019-02-15 20:57:01;20.238718986511;0;0;0;19;0;0;0
2019-02-15 20:58:01;20.148074150085;0;0;0;19;0;0;0
2019-02-15 20:59:01;20.246321201324;0;0;0;19;0;0;0
2019-02-15 21:00:01;20.15246796608;0;0;0;19;0;0;0
2019-02-15 21:01:02;20.239053010941;0;0;0;19;0;0;0
2019-02-15 21:02:01;20.216720819473;0;0;0;19;0;0;0
2019-02-15 21:03:01;20.17961192131;0;0;0;19;0;0;0
2019-02-15 21:04:01;20.242423057556;0;0;0;19;0;0;0
2019-02-15 21:05:01;20.207306861877;0;0;0;19;0;0;0
2019-02-15 21:06:01;20.143561124802;0;0;0;19;0;0;0
2019-02-15 21:07:01;20.622771978378;0;0;0;19;0;0;0
2019-02-15 21:08:01;20.203824043274;0;0;0;19;0;0;0
2019-02-15 21:09:01;36.039017915726;0;0;0;0;0;0;0
2019-02-15 21:10:01;21.00560092926;0;0;0;0;0;0;0
2019-02-15 21:11:01;20.389847993851;0;0;0;19.96;0;0;0
2019-02-15 21:12:01;20.04083609581;0;0;0;19.96;0;0;0
2019-02-15 21:13:01;20.231157064438;0;0;0;19.96;0;0;0
2019-02-15 21:14:01;20.256798028946;0;0;0;19.96;0;0;0
2019-02-15 21:15:01;20.235977888107;0;0;0;19.96;0;0;0
2019-02-15 21:16:01;20.240273952484;0;0;0;19.96;0;0;0
2019-02-15 21:17:02;20.18957901001;0;0;0;19.96;0;0;0
2019-02-15 21:18:01;20.227685928345;0;0;0;19.96;0;0;0
2019-02-15 21:19:02;20.222669124603;0;0;0;19.96;0;0;0
2019-02-15 21:20:01;20.255390167236;0;0;0;19.96;0;0;0
2019-02-15 21:21:01;20.173787117004;0;0;0;19.96;0;0;0
2019-02-15 21:22:01;20.214993000031;0;0;0;19.96;0;0;0
2019-02-15 21:23:01;23.296074151993;0;0;0;19.96;0;0;0
2019-02-15 21:24:01;20.199452877045;0;0;0;19.96;0;0;0
2019-02-15 21:25:01;20.216340065002;0;0;0;19.32;0;0;0
2019-02-15 21:26:01;20.17373085022;0;0;0;19.32;0;0;0
2019-02-15 21:27:01;20.338618040085;0;0;0;19.32;0;0;0
2019-02-15 21:28:02;20.092236995697;0;0;0;19.32;0;0;0
2019-02-15 21:29:01;20.037972211838;0;0;0;19.32;0;0;0
2019-02-15 21:30:01;20.207854032516;0;0;0;19.32;0;0;0
2019-02-15 21:31:01;20.264034986496;0;0;0;19.32;0;0;0
2019-02-15 21:32:01;17.764961004257;0;0;0;19.32;73.28;1;0
2019-02-15 21:33:02;17.691895961761;0;0;0;19.32;73.28;1;0
2019-02-15 21:34:02;17.602110862732;0;0;0;19.32;73.28;1;0
2019-02-15 21:35:01;17.621610879898;0;0;0;19.32;73.28;1;0
2019-02-15 21:36:01;17.50511097908;0;0;0;19.32;73.28;1;0
2019-02-15 21:37:01;17.690508127213;0;0;0;19.32;73.28;1;0
2019-02-15 21:38:01;18.050874948502;0;0;0;19.32;73.28;1;0
2019-02-15 21:39:01;17.655472993851;0;0;0;19.32;73.28;1;0
2019-02-15 21:40:01;17.691339969635;0;0;0;19.32;73.28;1;0
2019-02-15 21:41:01;17.698317050934;0;0;0;19.32;19.28;1;0
2019-02-15 21:42:01;17.665256977081;0;0;0;19.32;19.28;1;0
2019-02-15 21:43:01;17.5150141716;0;0;0;19.32;19.28;1;0
2019-02-15 21:44:02;17.911251783371;0;0;0;19.32;19.28;1;0
2019-02-15 21:45:01;17.83286690712;0;0;0;19.32;18.96;1;0
2019-02-15 21:46:01;17.845825910568;0;0;0;19.32;18.96;1;0
2019-02-15 21:47:01;17.745032787323;0;0;0;19.32;18.96;1;0
2019-02-15 21:48:01;18.025543212891;0;0;0;19.32;18.96;1;0
2019-02-15 21:49:02;17.769030094147;0;0;0;19.32;18.96;1;0
2019-02-15 21:50:01;17.937435150146;0;0;0;19.32;18.96;1;0
2019-02-15 21:51:01;17.847549915314;0;0;0;19.32;18.96;1;0
2019-02-15 21:52:01;18.065738916397;0;0;0;19.32;18.96;1;0
2019-02-15 21:53:02;17.900105953217;0;0;0;19.32;18.96;1;0
2019-02-15 21:54:01;17.434367179871;0;0;0;19.32;18.96;1;0
2019-02-15 21:55:02;17.639955043793;0;0;0;19.32;18.96;1;0
2019-02-15 21:56:02;18.023077011108;0;0;0;19.32;18.96;1;0
2019-02-15 21:57:01;17.795700073242;0;0;0;19.32;18.96;1;0
2019-02-15 21:58:01;18.070071935654;0;0;0;19.32;18.96;1;0
2019-02-15 21:59:01;17.754182100296;0;0;0;19.32;18.96;1;0
2019-02-15 22:00:02;17.967213869095;0;0;0;19.32;18.96;1;0
2019-02-15 22:01:01;17.799237012863;0;0;0;19.32;18.96;1;0
2019-02-15 22:02:01;17.972363948822;0;0;0;19.32;18.96;1;0
2019-02-15 22:03:01;17.967186927795;0;0;0;19.32;18.96;1;0
2019-02-15 22:04:02;17.558397054672;0;0;0;19.32;18.96;1;0
2019-02-15 22:05:01;17.953979969025;0;0;0;19.32;18.96;1;0
2019-02-15 22:06:01;17.679337978363;0;0;0;19.32;18.96;1;0
2019-02-15 22:07:01;17.507448911667;0;0;0;19.32;18.96;1;0
2019-02-15 22:08:01;17.937942028046;0;0;0;19.32;18.96;1;0
2019-02-15 22:09:01;18.164319038391;0;0;0;19.32;18.96;1;0
2019-02-15 22:10:01;17.774430990219;0;0;0;19.32;18.96;1;0
2019-02-15 22:11:02;18.053011894226;0;0;0;19.32;18.96;1;0
2019-02-15 22:12:01;17.56428694725;0;0;0;19.32;18.96;1;0
2019-02-15 22:13:01;17.597976922989;0;0;0;19.32;18.96;1;0
2019-02-15 22:14:01;17.747729063034;0;0;0;19.32;18.96;1;0
2019-02-15 22:15:01;17.938161849976;0;0;0;19.32;18.96;1;0
2019-02-15 22:16:01;17.874358892441;0;0;0;19.32;18.96;1;0
2019-02-15 22:17:01;17.667004108429;0;0;0;19.32;18.96;1;0
2019-02-15 22:18:01;17.930288791656;0;0;0;19.32;18.96;1;0
2019-02-15 22:19:02;17.464038848877;0;0;0;19.32;18.96;1;0
2019-02-15 22:20:01;17.553311109543;0;0;0;19.32;18.96;1;0
2019-02-15 22:21:01;18.155158042908;0;0;0;19.32;18.96;1;0
2019-02-15 22:22:01;17.951148033142;0;0;0;19.32;18.96;1;0
2019-02-15 22:23:01;17.85342001915;0;0;0;19.32;18.96;1;0
2019-02-15 22:24:01;18.161848068237;0;0;0;19.32;18.96;1;0
2019-02-15 22:25:01;17.537303924561;0;0;0;19.32;18.96;1;0
2019-02-15 22:26:02;17.680577993393;0;0;0;19.32;18.96;1;0
2019-02-15 22:27:02;17.618375062943;0;0;0;19.32;18.96;1;0
2019-02-15 22:28:02;17.603374004364;0;0;0;19.32;18.96;1;0
2019-02-15 22:29:02;17.962906122208;0;0;0;19.32;18.96;1;0
2019-02-15 22:30:01;17.765899181366;0;0;0;19.32;18.96;1;0
2019-02-15 22:31:01;17.644573926926;0;0;0;19.32;18.96;1;0
2019-02-15 22:32:01;17.72683596611;0;0;0;19.32;18.96;1;0
2019-02-15 22:33:01;17.702847003937;0;0;0;19.32;18.96;1;0
2019-02-15 22:34:01;17.882016181946;0;0;0;19.32;18.96;1;0
2019-02-15 22:35:01;18.187549114227;0;0;0;19.32;18.96;1;0
2019-02-15 22:36:02;24.777211904526;0;0;0;19.32;18.96;1;0
2019-02-15 22:37:01;18.186794042587;0;0;0;19.32;18.96;1;0
2019-02-15 22:38:01;17.955831050873;0;0;0;19.32;18.96;1;0
2019-02-15 22:39:01;17.777930021286;0;0;0;19.32;18.96;1;0
2019-02-15 22:40:01;29.90469288826;0;0;0;19.32;18.96;1;0
2019-02-15 22:41:01;23.655678033829;0;0;0;19.32;18.96;1;0
2019-02-15 22:42:02;18.036686897278;0;0;0;19.32;18.96;1;0
2019-02-15 22:43:01;17.870221138;0;0;0;19.32;18.96;1;0
2019-02-15 22:44:02;17.745493888855;0;0;0;19.32;18.96;1;0
2019-02-15 22:45:01;17.791895866394;0;0;0;19.32;18.96;1;0
2019-02-15 22:46:01;17.920311927795;0;0;0;19.32;19.28;1;0
2019-02-15 22:47:01;17.787461996078;0;0;0;19.32;18.96;1;0
2019-02-15 22:48:01;17.718762874603;0;0;0;19.32;19.28;1;0
2019-02-15 22:49:01;18.016606807709;0;0;0;19.32;18.96;1;0
2019-02-15 22:50:01;17.776950120926;0;0;0;19.32;19.28;1;0
2019-02-15 22:51:01;17.698706150055;0;0;0;19.32;18.96;1;0
2019-02-15 22:52:01;17.933856010437;0;0;0;19.32;19.28;1;0
2019-02-15 22:53:01;19.162186145782;0;0;0;19.32;18.96;1;0
2019-02-15 22:54:01;18.170828104019;0;0;0;19.32;18.96;1;0
2019-02-15 22:55:02;18.078784942627;0;0;0;19.32;19.28;1;0
2019-02-15 22:56:01;17.925393104553;0;0;0;19.32;18.96;1;0
2019-02-15 22:57:01;17.498664140701;0;0;0;19.32;19.28;1;0
2019-02-15 22:58:01;17.730929851532;0;0;0;19.32;19.28;1;0
2019-02-15 22:59:01;18.061491012573;0;0;0;19.32;19.28;1;0
2019-02-15 23:00:01;18.040003061295;0;0;0;19.32;19.28;1;0
2019-02-15 23:01:01;32.661045074463;0;0;0;19.32;20.88;1;0
2019-02-15 23:02:01;17.411874055862;0;0;0;19.32;19.6;1;0
2019-02-15 23:03:02;17.795302867889;0;0;0;19.32;19.6;1;0
2019-02-15 23:04:01;17.737874984741;0;0;0;19.32;19.28;1;0
2019-02-15 23:05:01;17.728780984879;0;0;0;19.32;19.28;1;0
2019-02-15 23:06:01;17.971812963486;0;0;0;19.32;19.28;1;0
2019-02-15 23:07:01;17.689553022385;0;0;0;19.32;19.28;1;0
2019-02-15 23:08:01;17.853080034256;0;0;0;19.32;19.28;1;0
2019-02-15 23:09:01;17.776119947433;0;0;0;19.32;19.28;1;0
2019-02-15 23:10:01;18.163487911224;0;0;0;19.32;19.28;1;0
2019-02-15 23:11:01;17.149036884308;0;0;19.28;19.32;19.28;1;0
2019-02-15 23:12:01;17.058048009872;0;0;19.28;19.32;19.28;1;0
2019-02-15 23:13:01;17.271301984787;0;0;19.28;19.32;19.28;1;0
2019-02-15 23:14:01;16.832943201065;0;0;19.28;19.32;19.28;1;0
2019-02-15 23:15:02;17.650665044785;0;0;19.28;19.32;19.28;1;0
2019-02-15 23:16:02;17.051012992859;0;0;19.28;19.32;19.28;1;0
2019-02-15 23:17:01;15.009790182114;0;0;0;0;0
2019-02-15 23:18:01;15.013799905777;0;0;0;0;0
2019-02-15 23:19:01;15.008190155029;0;0;0;0;0
2019-02-15 23:20:01;15.010043144226;0;0;0;0;0
2019-02-15 23:21:01;15.006111860275;0;0;0;0;0
2019-02-15 23:22:01;12.004351139069;0;0;0;19;0
2019-02-15 23:23:02;12.006083011627;0;0;0;19;0
2019-02-15 23:24:01;13.501585006714;0;0;19.28;19.32;0
2019-02-15 23:25:01;13.494093179703;0;0;19.28;19.32;0
2019-02-15 23:26:02;13.448940992355;0;0;19.28;19.32;0
2019-02-15 23:27:01;13.274524927139;0;0;19.28;19.32;0
2019-02-15 23:28:01;13.470574855804;0;0;19.28;19.32;0
2019-02-15 23:29:01;13.466001033783;0;0;19.28;19.32;0
2019-02-15 23:30:02;13.469111204147;0;0;19.28;19.32;0
2019-02-15 23:31:01;13.379950046539;0;0;19.28;19.32;0
2019-02-15 23:32:01;13.397824048996;0;0;19.28;19.32;0
2019-02-15 23:33:01;13.380311965942;0;0;19.28;19.32;0
2019-02-15 23:34:01;13.219390869141;0;0;19.28;19.32;0
2019-02-15 23:35:01;13.391229152679;0;0;19.28;19.32;0
2019-02-15 23:36:01;13.228877067566;0;0;19.28;19.32;0
2019-02-15 23:37:01;13.511063098907;0;0;19.28;19.32;0
2019-02-15 23:38:01;13.43705201149;0;0;19.28;19.32;0
2019-02-15 23:39:01;13.397779941559;0;0;19.28;19.32;0
2019-02-15 23:40:02;13.293546915054;0;0;19.28;19.32;0
2019-02-15 23:41:01;13.478713035583;0;0;19.28;19.32;0
2019-02-15 23:42:01;13.439635038376;0;0;19.28;19.32;0
2019-02-15 23:43:01;13.27658700943;0;0;19.28;19.32;0
2019-02-15 23:44:01;13.42694401741;0;0;19.28;19.32;0
2019-02-15 23:45:01;13.399902105331;0;0;19.28;19.32;0
2019-02-15 23:46:01;13.577450990677;0;0;19.28;19.32;0
2019-02-15 23:47:02;13.330753087997;0;0;19.28;19.32;0
2019-02-15 23:48:01;13.344867944717;0;0;19.28;19.32;0
2019-02-15 23:49:01;13.296888113022;0;0;19.28;19.32;0
2019-02-15 23:50:01;13.561302900314;0;0;19.28;19.32;0
2019-02-15 23:51:01;13.386667966843;0;0;19.28;19.32;0
2019-02-15 23:52:01;13.373543024063;0;0;19.28;19.32;0
2019-02-15 23:53:01;13.322288036346;0;0;19.28;19.32;0
2019-02-15 23:54:01;13.231950998306;0;0;19.28;19.32;0
2019-02-15 23:55:01;13.351678848267;0;0;19.28;19.32;0
2019-02-15 23:56:02;13.340387821198;0;0;19.28;19.32;0
2019-02-15 23:57:01;13.425871133804;0;0;19.28;19.32;0
2019-02-15 23:58:01;13.501178026199;0;0;19.28;19.32;0
2019-02-15 23:59:01;13.390354156494;0;0;19.28;19.32;0
