2019-02-16 00:00:01;13.570503950119;0;0;19.28;19.32;0
2019-02-16 00:01:01;13.204138040543;0;0;19.28;19.32;0
2019-02-16 00:02:01;13.197486877441;0;0;19.28;19.32;0
2019-02-16 00:03:01;13.378425121307;0;0;19.28;19.32;0
2019-02-16 00:04:01;13.534857034683;0;0;19.28;19.32;0
2019-02-16 00:05:01;13.401082992554;0;0;19.28;19.32;0
2019-02-16 00:06:01;13.274334907532;0;0;19.28;19.32;0
2019-02-16 00:07:01;13.457713842392;0;0;19.28;19.32;0
2019-02-16 00:08:01;13.541187047958;0;0;19.28;19.32;0
2019-02-16 00:09:01;13.401751995087;0;0;19.28;19.32;0
2019-02-16 00:10:01;13.543323040009;0;0;19.28;19.32;0
2019-02-16 00:11:01;13.526111125946;0;0;19.28;19.32;0
2019-02-16 00:12:02;13.486685991287;0;0;19.28;19.32;0
2019-02-16 00:13:01;13.480871915817;0;0;19.28;19.32;0
2019-02-16 00:14:01;13.275624990463;0;0;19.28;19.32;0
2019-02-16 00:15:01;13.254344940186;0;0;19.28;19.32;0
2019-02-16 00:16:01;13.309128046036;0;0;19.28;19.32;0
2019-02-16 00:17:01;13.405982017517;0;0;19.28;19.32;0
2019-02-16 00:18:01;13.328388929367;0;0;19.28;19.96;0
2019-02-16 00:19:01;13.384485006332;0;0;19.28;19.32;0
2019-02-16 00:20:01;13.354875087738;0;0;19.28;19.32;0
2019-02-16 00:21:01;13.282363891602;0;0;19.28;19.32;0
2019-02-16 00:22:01;13.510822057724;0;0;19.28;19.32;0
2019-02-16 00:23:02;13.402435064316;0;0;19.28;19.96;0
2019-02-16 00:24:01;13.542309999466;0;0;19.28;19.32;0
2019-02-16 00:25:01;13.33967089653;0;0;19.28;19.96;0
2019-02-16 00:26:01;13.505176067352;0;0;19.28;19.96;0
2019-02-16 00:27:01;13.521799087524;0;0;19.28;19.32;0
2019-02-16 00:28:01;13.316715955734;0;0;19.28;19.96;0
2019-02-16 00:29:02;13.542720079422;0;0;19.28;19.32;0
2019-02-16 00:30:01;13.48595905304;0;0;19.28;19.96;0
2019-02-16 00:31:01;13.573535203934;0;0;19.28;19.96;0
2019-02-16 00:32:01;13.401114940643;0;0;19.28;19.96;0
2019-02-16 00:33:01;13.180451869965;0;0;19.28;19.96;0
2019-02-16 00:34:01;13.493571996689;0;0;19.28;19.96;0
2019-02-16 00:35:01;13.391819000244;0;0;19.28;19.96;0
2019-02-16 00:36:01;13.437082052231;0;0;19.6;19.96;0
2019-02-16 00:37:01;13.507739067078;0;0;19.28;19.32;0
2019-02-16 00:38:01;13.336015939713;0;0;19.28;19.96;0
2019-02-16 00:39:01;13.526143074036;0;0;19.28;19.96;0
2019-02-16 00:40:01;13.631655216217;0;0;19.28;19.96;0
2019-02-16 00:41:02;13.474603176117;0;0;19.28;19.96;0
2019-02-16 00:42:02;13.23970913887;0;0;19.28;19.96;0
2019-02-16 00:43:02;13.308695077896;0;0;19.28;19.96;0
2019-02-16 00:44:01;13.454696893692;0;0;19.6;19.96;0
2019-02-16 00:45:01;13.363064050674;0;0;19.6;19.96;0
2019-02-16 00:46:01;13.31590294838;0;0;19.28;19.96;0
2019-02-16 00:47:01;13.301975011826;0;0;19.28;19.96;0
2019-02-16 00:48:01;13.458788156509;0;0;19.28;19.96;0
2019-02-16 00:49:01;13.504608869553;0;0;19.6;19.96;0
2019-02-16 00:50:02;13.362142086029;0;0;19.28;19.96;0
2019-02-16 00:51:02;13.381213903427;0;0;19.28;19.96;0
2019-02-16 00:52:01;13.421226978302;0;0;19.6;19.96;0
2019-02-16 00:53:01;13.27166891098;0;0;19.28;19.96;0
2019-02-16 00:54:01;13.372288942337;0;0;19.6;19.96;0
2019-02-16 00:55:01;13.620280981064;0;0;19.28;19.96;0
2019-02-16 00:56:01;13.433875083923;0;0;19.28;19.96;0
2019-02-16 00:57:01;13.3119161129;0;0;19.6;19.96;0
2019-02-16 00:58:01;13.591953039169;0;0;19.28;19.96;0
2019-02-16 00:59:01;13.370924949646;0;0;19.28;19.96;0
2019-02-16 01:00:01;13.298663854599;0;0;19.28;19.96;0
2019-02-16 01:01:01;13.404802083969;0;0;19.6;19.96;0
2019-02-16 01:02:01;13.289919137955;0;0;19.28;19.96;0
2019-02-16 01:03:01;13.332442045212;0;0;19.28;19.96;0
2019-02-16 01:04:01;13.464025974274;0;0;19.28;19.96;0
2019-02-16 01:05:01;13.285181045532;0;0;19.6;19.96;0
2019-02-16 01:06:01;13.332117080688;0;0;19.6;19.96;0
2019-02-16 01:07:01;13.586179018021;0;0;19.6;19.96;0
2019-02-16 01:08:01;13.5419049263;0;0;19.6;19.96;0
2019-02-16 01:09:01;13.25185418129;0;0;19.6;19.96;0
2019-02-16 01:10:01;13.321441888809;0;0;19.6;19.96;0
2019-02-16 01:11:01;13.542484998703;0;0;19.28;19.96;0
2019-02-16 01:12:01;13.225310087204;0;0;19.6;19.96;0
2019-02-16 01:13:01;13.467877864838;0;0;19.6;19.96;0
2019-02-16 01:14:02;13.316926956177;0;0;19.28;19.96;0
2019-02-16 01:15:01;13.241645097733;0;0;19.28;19.96;0
2019-02-16 01:16:01;13.408631801605;0;0;19.28;19.96;0
2019-02-16 01:17:01;13.537924051285;0;0;19.28;19.96;0
2019-02-16 01:18:01;13.473031044006;0;0;19.28;19.96;0
2019-02-16 01:19:02;13.454952001572;0;0;19.28;19.96;0
2019-02-16 01:20:01;13.525590896606;0;0;19.28;19.96;0
2019-02-16 01:21:01;13.21981883049;0;0;19.28;19.96;0
2019-02-16 01:22:01;13.450296878815;0;0;19.28;19.96;0
2019-02-16 01:23:01;13.543463945389;0;0;19.28;19.96;0
2019-02-16 01:24:01;13.585875034332;0;0;19.28;19.96;0
2019-02-16 01:25:01;13.549051046371;0;0;19.28;19.96;0
2019-02-16 01:26:01;13.497247934341;0;0;19.28;19.96;0
2019-02-16 01:27:02;13.455813884735;0;0;19.28;19.96;0
2019-02-16 01:28:01;13.304861068726;0;0;19.28;19.96;0
2019-02-16 01:29:01;13.3809030056;0;0;19.28;19.96;0
2019-02-16 01:30:01;13.318049907684;0;0;19.28;19.96;0
2019-02-16 01:31:01;13.46861410141;0;0;19.28;19.96;0
2019-02-16 01:32:01;13.370198965073;0;0;19.28;19.96;0
2019-02-16 01:33:01;13.318028926849;0;0;19.28;19.96;0
2019-02-16 01:34:01;13.620963811874;0;0;19.28;19.96;0
2019-02-16 01:35:01;13.355441093445;0;0;19.28;19.96;0
2019-02-16 01:36:01;13.476310968399;0;0;19.28;19.96;0
2019-02-16 01:37:01;13.451575994492;0;0;19.28;19.96;0
2019-02-16 01:38:01;13.282540082932;0;0;19.28;19.96;0
2019-02-16 01:39:01;13.404860019684;0;0;19.28;19.96;0
2019-02-16 01:40:02;13.510050058365;0;0;19.28;19.32;0
2019-02-16 01:41:01;13.341299057007;0;0;19.28;19.96;0
2019-02-16 01:42:01;13.52995800972;0;0;19.28;19.96;0
2019-02-16 01:43:01;13.507688045502;0;0;19.28;19.96;0
2019-02-16 01:44:01;13.538571119308;0;0;19.28;19.96;0
2019-02-16 01:45:02;13.437131881714;0;0;19.28;19.96;0
2019-02-16 01:46:01;13.240833044052;0;0;19.28;19.96;0
2019-02-16 01:47:01;13.237068891525;0;0;19.28;19.96;0
2019-02-16 01:48:01;13.373924016953;0;0;19.28;19.96;0
2019-02-16 01:49:01;13.344351053238;0;0;19.28;19.32;0
2019-02-16 01:50:01;13.246639966965;0;0;19.28;19.96;0
2019-02-16 01:51:01;13.359394073486;0;0;19.28;19.32;0
2019-02-16 01:52:01;13.44047999382;0;0;19.28;19.96;0
2019-02-16 01:53:01;13.445777177811;0;0;19.28;19.96;0
2019-02-16 01:54:01;13.556505203247;0;0;19.28;19.32;0
2019-02-16 01:55:01;13.304532051086;0;0;19.28;19.32;0
2019-02-16 01:56:01;13.240051031113;0;0;19.28;19.96;0
2019-02-16 01:57:01;13.276356935501;0;0;19.28;19.32;0
2019-02-16 01:58:01;13.307402849197;0;0;19.28;19.96;0
2019-02-16 01:59:01;13.533588886261;0;0;19.28;19.32;0
2019-02-16 02:00:01;13.153712034225;0;0;19.28;19.32;0
2019-02-16 02:01:01;13.43500995636;0;0;19.28;19.96;0
2019-02-16 02:02:01;13.156705141068;0;0;19.28;19.96;0
2019-02-16 02:03:01;13.56371307373;0;0;19.28;19.32;0
2019-02-16 02:04:01;13.476722002029;0;0;19.28;19.32;0
2019-02-16 02:05:01;13.477505922318;0;0;19.28;19.32;0
2019-02-16 02:06:01;13.384605884552;0;0;19.28;19.32;0
2019-02-16 02:07:01;13.482815980911;0;0;19.28;19.32;0
2019-02-16 02:08:01;13.414459943771;0;0;19.28;19.32;0
2019-02-16 02:09:01;13.322047948837;0;0;19.28;19.32;0
2019-02-16 02:10:02;13.396687984467;0;0;19.28;19.32;0
2019-02-16 02:11:01;13.452135801315;0;0;19.28;19.32;0
2019-02-16 02:12:01;13.578268051147;0;0;19.28;19.32;0
2019-02-16 02:13:01;13.328022003174;0;0;19.28;19.32;0
2019-02-16 02:14:01;13.260982990265;0;0;19.28;19.32;0
2019-02-16 02:15:01;13.480027914047;0;0;19.28;19.32;0
2019-02-16 02:16:01;13.453268051147;0;0;19.28;19.32;0
2019-02-16 02:17:02;13.408850193024;0;0;19.28;19.32;0
2019-02-16 02:18:01;13.592633008957;0;0;19.28;19.32;0
2019-02-16 02:19:01;13.294831991196;0;0;19.28;19.32;0
2019-02-16 02:20:01;13.426584005356;0;0;19.28;19.32;0
2019-02-16 02:21:01;13.249917030334;0;0;19.28;19.32;0
2019-02-16 02:22:01;13.511933088303;0;0;19.28;19.32;0
2019-02-16 02:23:01;13.379341840744;0;0;19.28;19.32;0
2019-02-16 02:24:01;13.499872922897;0;0;19.28;19.32;0
2019-02-16 02:25:01;13.440251111984;0;0;19.28;19.32;0
2019-02-16 02:26:01;13.387592077255;0;0;19.28;19.32;0
2019-02-16 02:27:01;13.477693080902;0;0;19.28;19.32;0
2019-02-16 02:28:01;13.313848018646;0;0;19.28;19.32;0
2019-02-16 02:29:01;13.321071863174;0;0;19.28;19.32;0
2019-02-16 02:30:01;13.317481040955;0;0;18.96;19.32;0
2019-02-16 02:31:01;13.232095003128;0;0;19.28;19.32;0
2019-02-16 02:32:01;13.511818170547;0;0;19.28;19.32;0
2019-02-16 02:33:02;13.518347978592;0;0;19.28;19.32;0
2019-02-16 02:34:01;13.343875169754;0;0;19.28;19.32;0
2019-02-16 02:35:02;13.388323783875;0;0;19.28;19.32;0
2019-02-16 02:36:01;13.245342969894;0;0;19.28;19.96;0
2019-02-16 02:37:01;13.339600086212;0;0;19.28;19.32;0
2019-02-16 02:38:01;13.529914140701;0;0;19.28;19.32;0
2019-02-16 02:39:01;13.426885128021;0;0;19.28;19.32;0
2019-02-16 02:40:01;13.609178066254;0;0;19.28;19.32;0
2019-02-16 02:41:01;13.284736871719;0;0;19.28;19.96;0
2019-02-16 02:42:01;13.60017490387;0;0;19.28;19.32;0
2019-02-16 02:43:01;13.530749082565;0;0;19.28;19.96;0
2019-02-16 02:44:01;13.534498929977;0;0;19.28;19.96;0
2019-02-16 02:45:01;13.248555898666;0;0;19.28;19.96;0
2019-02-16 02:46:01;13.263393878937;0;0;19.28;19.96;0
2019-02-16 02:47:01;13.143750905991;0;0;19.28;19.96;0
2019-02-16 02:48:01;13.224768161774;0;0;19.28;19.96;0
2019-02-16 02:49:01;13.300512075424;0;0;19.28;19.96;0
2019-02-16 02:50:01;13.203513145447;0;0;19.28;19.96;0
2019-02-16 02:51:01;13.335925102234;0;0;19.28;19.96;0
2019-02-16 02:52:01;13.343005895615;0;0;19.28;19.32;0
2019-02-16 02:53:01;13.314195156097;0;0;19.28;19.96;0
2019-02-16 02:54:01;13.588196992874;0;0;19.28;19.96;0
2019-02-16 02:55:01;13.536180019379;0;0;19.28;19.96;0
2019-02-16 02:56:01;13.585919857025;0;0;19.28;19.96;0
2019-02-16 02:57:01;13.356286764145;0;0;19.28;19.96;0
2019-02-16 02:58:01;13.578236103058;0;0;19.28;19.96;0
2019-02-16 02:59:01;13.43554186821;0;0;19.28;19.96;0
2019-02-16 03:00:01;13.27286696434;0;0;19.28;19.96;0
2019-02-16 03:01:01;13.368568181992;0;0;19.28;19.96;0
2019-02-16 03:02:01;13.390180110931;0;0;19.28;19.96;0
2019-02-16 03:03:01;13.337092876434;0;0;19.28;19.96;0
2019-02-16 03:04:01;13.230537891388;0;0;19.28;19.96;0
2019-02-16 03:05:01;13.373800039291;0;0;19.28;19.96;0
2019-02-16 03:06:01;13.382934093475;0;0;19.28;19.96;0
2019-02-16 03:07:02;13.326018810272;0;0;19.28;19.96;0
2019-02-16 03:08:01;13.502316951752;0;0;19.28;19.96;0
2019-02-16 03:09:01;13.529860019684;0;0;19.28;19.96;0
2019-02-16 03:10:01;13.51820397377;0;0;19.28;19.96;0
2019-02-16 03:11:01;13.493978023529;0;0;19.28;19.96;0
2019-02-16 03:12:01;13.536864995956;0;0;19.28;19.96;0
2019-02-16 03:13:01;13.277164936066;0;0;19.28;19.96;0
2019-02-16 03:14:01;13.429531097412;0;0;19.28;19.96;0
2019-02-16 03:15:02;13.473412036896;0;0;19.28;19.96;0
2019-02-16 03:16:01;13.344275951385;0;0;19.28;19.96;0
2019-02-16 03:17:01;13.533148050308;0;0;19.28;19.96;0
2019-02-16 03:18:01;13.32731795311;0;0;19.28;19.96;0
2019-02-16 03:19:01;13.495655059814;0;0;19.6;19.96;0
2019-02-16 03:20:01;13.441509962082;0;0;19.6;19.96;0
2019-02-16 03:21:01;13.604285001755;0;0;19.6;19.96;0
2019-02-16 03:22:01;13.414686918259;0;0;19.28;19.96;0
2019-02-16 03:23:01;13.478165149689;0;0;19.28;19.96;0
2019-02-16 03:24:01;13.316679000854;0;0;19.6;19.96;0
2019-02-16 03:25:01;13.580841779709;0;0;19.28;19.96;0
2019-02-16 03:26:01;13.536587953568;0;0;19.28;19.96;0
2019-02-16 03:27:02;13.400835990906;0;0;19.28;19.96;0
2019-02-16 03:28:01;13.515964031219;0;0;19.28;19.96;0
2019-02-16 03:29:01;13.318290948868;0;0;19.28;19.96;0
2019-02-16 03:30:01;13.286098003387;0;0;19.6;19.96;0
2019-02-16 03:31:01;13.499487161636;0;0;19.28;19.96;0
2019-02-16 03:32:01;13.277194976807;0;0;19.28;19.96;0
2019-02-16 03:33:01;13.509181022644;0;0;19.28;19.96;0
2019-02-16 03:34:01;13.355495929718;0;0;19.6;19.96;0
2019-02-16 03:35:02;13.278787851334;0;0;19.6;19.96;0
2019-02-16 03:36:02;13.473770141602;0;0;19.6;19.96;0
2019-02-16 03:37:01;13.27623295784;0;0;19.28;19.96;0
2019-02-16 03:38:01;13.535660028458;0;0;19.28;19.96;0
2019-02-16 03:39:01;13.347638130188;0;0;19.28;19.96;0
2019-02-16 03:40:01;13.589411973953;0;0;19.28;19.96;0
2019-02-16 03:41:02;13.51846408844;0;0;19.28;19.96;0
2019-02-16 03:42:01;13.261036872864;0;0;19.28;19.96;0
2019-02-16 03:43:01;13.163559913635;0;0;19.28;19.96;0
2019-02-16 03:44:01;13.329442024231;0;0;19.28;19.96;0
2019-02-16 03:45:01;13.355880975723;0;0;19.28;19.96;0
2019-02-16 03:46:01;13.464504003525;0;0;19.28;19.96;0
2019-02-16 03:47:01;13.390399932861;0;0;19.28;19.96;0
2019-02-16 03:48:02;13.384634017944;0;0;19.28;19.96;0
2019-02-16 03:49:01;13.20439696312;0;0;19.28;19.96;0
2019-02-16 03:50:01;13.332628965378;0;0;19.28;19.96;0
2019-02-16 03:51:01;13.500137090683;0;0;19.28;19.96;0
2019-02-16 03:52:01;13.513363838196;0;0;19.28;19.96;0
2019-02-16 03:53:01;13.533192873001;0;0;19.28;19.96;0
2019-02-16 03:54:02;13.464210987091;0;0;19.28;19.32;0
2019-02-16 03:55:01;13.440072059631;0;0;19.28;19.96;0
2019-02-16 03:56:01;13.423225879669;0;0;19.28;19.96;0
2019-02-16 03:57:01;13.529965162277;0;0;19.28;19.96;0
2019-02-16 03:58:01;13.58494591713;0;0;19.28;19.96;0
2019-02-16 03:59:01;13.408748865128;0;0;19.28;19.96;0
2019-02-16 04:00:01;13.410025835037;0;0;19.28;19.96;0
2019-02-16 04:01:01;13.263921022415;0;0;19.28;19.96;0
2019-02-16 04:02:01;13.357085943222;0;0;19.28;19.96;0
2019-02-16 04:03:01;13.322117805481;0;0;19.28;19.32;0
2019-02-16 04:04:01;13.141278028488;0;0;19.28;19.32;0
2019-02-16 04:05:01;13.328524112701;0;0;19.28;19.32;0
2019-02-16 04:06:01;13.331299066544;0;0;19.28;19.96;0
2019-02-16 04:07:01;13.43944811821;0;0;19.28;19.96;0
2019-02-16 04:08:01;13.350409030914;0;0;19.28;19.32;0
2019-02-16 04:09:02;13.33113193512;0;0;19.28;19.32;0
2019-02-16 04:10:01;13.344805955887;0;0;19.28;19.32;0
2019-02-16 04:11:01;13.277386188507;0;0;19.28;19.32;0
2019-02-16 04:12:01;13.257381916046;0;0;19.28;19.96;0
2019-02-16 04:13:01;13.205399990082;0;0;19.28;19.96;0
2019-02-16 04:14:01;13.377668857574;0;0;19.28;19.32;0
2019-02-16 04:15:01;13.338006019592;0;0;19.28;19.32;0
2019-02-16 04:16:01;13.351318120956;0;0;19.28;19.32;0
2019-02-16 04:17:01;13.539391040802;0;0;19.28;19.32;0
2019-02-16 04:18:01;13.633812904358;0;0;19.28;19.32;0
2019-02-16 04:19:01;13.47532582283;0;0;19.28;19.32;0
2019-02-16 04:20:01;13.38286781311;0;0;19.28;19.96;0
2019-02-16 04:21:02;13.227785110474;0;0;19.28;19.32;0
2019-02-16 04:22:01;13.440495014191;0;0;19.28;19.32;0
2019-02-16 04:23:01;13.569000959396;0;0;19.28;19.32;0
2019-02-16 04:24:01;13.314383029938;0;0;19.28;19.32;0
2019-02-16 04:25:01;13.335224866867;0;0;19.28;19.32;0
2019-02-16 04:26:01;13.52411198616;0;0;19.28;19.32;0
2019-02-16 04:27:01;13.428327083588;0;0;19.28;19.32;0
2019-02-16 04:28:01;13.465210914612;0;0;19.28;19.32;0
2019-02-16 04:29:01;13.572453975677;0;0;19.28;19.32;0
2019-02-16 04:30:01;13.405611038208;0;0;19.28;19.32;0
2019-02-16 04:31:02;13.318872928619;0;0;19.28;19.32;0
2019-02-16 04:32:01;13.486743927002;0;0;19.28;19.32;0
2019-02-16 04:33:01;13.387068033218;0;0;19.28;19.96;0
2019-02-16 04:34:01;13.356372117996;0;0;19.28;19.32;0
2019-02-16 04:35:01;13.350299119949;0;0;19.28;19.32;0
2019-02-16 04:36:01;13.371721982956;0;0;19.28;19.32;0
2019-02-16 04:37:01;13.347769975662;0;0;19.28;19.32;0
2019-02-16 04:38:01;13.249920129776;0;0;19.28;19.32;0
2019-02-16 04:39:01;13.374811887741;0;0;19.28;19.96;0
2019-02-16 04:40:01;13.353273868561;0;0;19.28;19.32;0
2019-02-16 04:41:02;13.296323060989;0;0;19.28;19.32;0
2019-02-16 04:42:02;13.491374015808;0;0;19.28;19.96;0
2019-02-16 04:43:01;13.447604894638;0;0;19.28;19.32;0
2019-02-16 04:44:01;13.41524887085;0;0;19.28;19.32;0
2019-02-16 04:45:01;13.455019950867;0;0;19.28;19.32;0
2019-02-16 04:46:01;13.514559030533;0;0;19.28;19.32;0
2019-02-16 04:47:01;13.44681096077;0;0;19.28;19.32;0
2019-02-16 04:48:01;13.326196908951;0;0;19.28;19.32;0
2019-02-16 04:49:01;13.385026931763;0;0;19.28;19.96;0
2019-02-16 04:50:01;13.524132013321;0;0;19.28;19.96;0
2019-02-16 04:51:01;13.282433986664;0;0;19.28;19.96;0
2019-02-16 04:52:01;13.277611017227;0;0;19.28;19.32;0
2019-02-16 04:53:01;13.31501698494;0;0;19.28;19.96;0
2019-02-16 04:54:01;13.315811872482;0;0;19.28;19.96;0
2019-02-16 04:55:01;13.491492986679;0;0;19.28;19.96;0
2019-02-16 04:56:01;13.297743082047;0;0;19.28;19.32;0
2019-02-16 04:57:02;13.446001052856;0;0;19.28;19.96;0
2019-02-16 04:58:01;13.506172895432;0;0;19.28;19.32;0
2019-02-16 04:59:01;13.445351839066;0;0;19.28;19.96;0
2019-02-16 05:00:01;13.415539979935;0;0;19.28;19.96;0
2019-02-16 05:01:01;13.33598613739;0;0;19.28;19.96;0
2019-02-16 05:02:01;13.470407962799;0;0;19.28;19.96;0
2019-02-16 05:03:01;13.278188943863;0;0;19.28;19.96;0
2019-02-16 05:04:01;13.405627965927;0;0;19.28;19.96;0
2019-02-16 05:05:01;13.488126039505;0;0;19.28;19.96;0
2019-02-16 05:06:01;13.483197212219;0;0;19.28;19.96;0
2019-02-16 05:07:01;13.333498001099;0;0;19.28;19.96;0
2019-02-16 05:08:01;13.281509876251;0;0;19.28;19.96;0
2019-02-16 05:09:01;13.281003952026;0;0;19.28;19.96;0
2019-02-16 05:10:01;13.529162168503;0;0;19.28;19.96;0
2019-02-16 05:11:01;13.330945014954;0;0;19.28;19.96;0
2019-02-16 05:12:01;13.351366996765;0;0;19.28;19.96;0
2019-02-16 05:13:01;13.401468992233;0;0;19.28;19.96;0
2019-02-16 05:14:01;13.49636888504;0;0;19.28;19.96;0
2019-02-16 05:15:02;13.34085893631;0;0;19.28;19.96;0
2019-02-16 05:16:02;13.527536869049;0;0;19.28;19.96;0
2019-02-16 05:17:01;13.381472826004;0;0;19.28;19.96;0
2019-02-16 05:18:01;13.304032087326;0;0;19.28;19.96;0
2019-02-16 05:19:01;13.340646982193;0;0;19.28;19.96;0
2019-02-16 05:20:01;13.522459030151;0;0;19.28;19.96;0
2019-02-16 05:21:01;13.395492076874;0;0;19.28;19.96;0
2019-02-16 05:22:02;13.242730140686;0;0;19.28;19.96;0
2019-02-16 05:23:02;13.334356069565;0;0;19.28;19.96;0
2019-02-16 05:24:02;13.230470180511;0;0;19.28;19.96;0
2019-02-16 05:25:02;13.378128051758;0;0;19.28;19.96;0
2019-02-16 05:26:01;13.477743864059;0;0;19.28;19.96;0
2019-02-16 05:27:01;13.304717063904;0;0;19.28;19.96;0
2019-02-16 05:28:01;13.345821142197;0;0;19.28;19.96;0
2019-02-16 05:29:01;13.336889982224;0;0;19.28;19.96;0
2019-02-16 05:30:01;13.423124790192;0;0;19.28;19.96;0
2019-02-16 05:31:01;13.500028133392;0;0;19.28;19.96;0
2019-02-16 05:32:02;13.563939094543;0;0;19.28;19.96;0
2019-02-16 05:33:01;13.531960010529;0;0;19.28;19.96;0
2019-02-16 05:34:01;13.404350996017;0;0;19.28;19.96;0
2019-02-16 05:35:01;13.462647914886;0;0;19.28;19.96;0
2019-02-16 05:36:02;13.48886013031;0;0;19.28;19.96;0
2019-02-16 05:37:01;13.232270002365;0;0;19.28;19.96;0
2019-02-16 05:38:01;13.311459064484;0;0;19.28;19.96;0
2019-02-16 05:39:01;13.33696103096;0;0;19.28;19.96;0
2019-02-16 05:40:01;13.40490603447;0;0;19.28;19.96;0
2019-02-16 05:41:01;13.441843986511;0;0;19.28;19.96;0
2019-02-16 05:42:01;13.293391942978;0;0;19.28;19.96;0
2019-02-16 05:43:01;13.220201015472;0;0;19.28;19.96;0
2019-02-16 05:44:01;13.390694141388;0;0;19.28;19.96;0
2019-02-16 05:45:01;13.355751037598;0;0;19.28;19.96;0
2019-02-16 05:46:01;13.371083021164;0;0;19.28;19.96;0
2019-02-16 05:47:01;13.482943058014;0;0;19.28;19.96;0
2019-02-16 05:48:02;13.486940145493;0;0;19.28;19.96;0
2019-02-16 05:49:01;13.477094888687;0;0;19.28;19.96;0
2019-02-16 05:50:01;13.436733961105;0;0;19.28;19.96;0
2019-02-16 05:51:01;13.370488166809;0;0;19.28;19.96;0
2019-02-16 05:52:01;13.342773199081;0;0;19.28;19.96;0
2019-02-16 05:53:01;13.538636922836;0;0;19.28;19.96;0
2019-02-16 05:54:02;13.203602075577;0;0;19.28;19.96;0
2019-02-16 05:55:02;13.351285934448;0;0;19.28;19.96;0
2019-02-16 05:56:02;13.479365110397;0;0;19.28;19.96;0
2019-02-16 05:57:01;13.575859069824;0;0;19.28;19.96;0
2019-02-16 05:58:01;13.234143018723;0;0;19.28;19.96;0
2019-02-16 05:59:01;13.268296003342;0;0;19.28;19.96;0
2019-02-16 06:00:01;13.436083078384;0;0;19.28;19.96;0
2019-02-16 06:01:01;13.373224973679;0;0;19.28;19.96;0
2019-02-16 06:02:01;13.434620857239;0;0;19.28;19.96;0
2019-02-16 06:03:01;13.315062999725;0;0;19.28;19.96;0
2019-02-16 06:04:02;13.487540960312;0;0;19.28;19.96;0
2019-02-16 06:05:01;13.548962831497;0;0;19.28;19.96;0
2019-02-16 06:06:01;13.445302963257;0;0;19.28;19.96;0
2019-02-16 06:07:01;13.381372928619;0;0;19.28;19.96;0
2019-02-16 06:08:01;13.469820022583;0;0;19.28;19.96;0
2019-02-16 06:09:01;13.579879999161;0;0;19.28;19.96;0
2019-02-16 06:10:01;13.540910959244;0;0;19.28;19.96;0
2019-02-16 06:11:02;13.511369943619;0;0;19.28;19.96;0
2019-02-16 06:12:01;13.454984903336;0;0;19.28;19.96;0
2019-02-16 06:13:01;13.568586826324;0;0;19.28;19.96;0
2019-02-16 06:14:01;13.364177942276;0;0;19.28;19.96;0
2019-02-16 06:15:02;13.308060884476;0;0;19.28;19.96;0
2019-02-16 06:16:01;13.343446969986;0;0;19.28;19.96;0
2019-02-16 06:17:01;13.552048921585;0;0;19.28;19.96;0
2019-02-16 06:18:01;13.339417934418;0;0;19.28;19.96;0
2019-02-16 06:19:01;13.403336048126;0;0;19.28;19.96;0
2019-02-16 06:20:01;13.532992839813;0;0;19.28;19.96;0
2019-02-16 06:21:01;13.523101091385;0;0;19.28;19.96;0
2019-02-16 06:22:01;13.624429941177;0;0;19.28;19.96;0
2019-02-16 06:23:01;13.487567901611;0;0;19.28;19.96;0
2019-02-16 06:24:01;13.351451158524;0;0;19.28;19.96;0
2019-02-16 06:25:01;13.459091186523;0;0;19.28;19.96;0
2019-02-16 06:26:01;13.296282052994;0;0;19.28;19.96;0
2019-02-16 06:27:01;13.33022403717;0;0;19.28;19.96;0
2019-02-16 06:28:02;13.258202075958;0;0;19.28;19.96;0
2019-02-16 06:29:01;13.339102983475;0;0;19.28;19.96;0
2019-02-16 06:30:02;13.383126020432;0;0;19.28;19.96;0
2019-02-16 06:31:01;13.44411611557;0;0;19.28;19.96;0
2019-02-16 06:32:01;13.358350038528;0;0;19.28;19.96;0
2019-02-16 06:33:01;13.353785037994;0;0;19.28;19.96;0
2019-02-16 06:34:01;13.295158147812;0;0;19.28;19.96;0
2019-02-16 06:35:01;13.402178049088;0;0;19.28;19.96;0
2019-02-16 06:36:01;13.242919921875;0;0;19.28;19.96;0
2019-02-16 06:37:01;13.52699303627;0;0;19.28;19.96;0
2019-02-16 06:38:01;13.3703520298;0;0;19.28;19.96;0
2019-02-16 06:39:02;13.407674074173;0;0;19.28;19.96;0
2019-02-16 06:40:01;13.254184007645;0;0;19.28;19.96;0
2019-02-16 06:41:01;13.347035884857;0;0;19.28;19.32;0
2019-02-16 06:42:01;13.533731937408;0;0;19.28;19.96;0
2019-02-16 06:43:01;13.32309794426;0;0;19.28;19.96;0
2019-02-16 06:44:01;13.408107995987;0;0;19.28;19.96;0
2019-02-16 06:45:01;13.317566156387;0;0;19.28;19.96;0
2019-02-16 06:46:01;13.487493038177;0;0;18.96;19.96;0
2019-02-16 06:47:01;13.39436006546;0;0;19.28;19.32;0
2019-02-16 06:48:02;13.377887964249;0;0;19.28;19.32;0
2019-02-16 06:49:01;13.314663887024;0;0;18.96;19.32;0
2019-02-16 06:50:01;13.432960987091;0;0;19.28;19.32;0
2019-02-16 06:51:01;13.365734100342;0;0;18.96;19.32;0
2019-02-16 06:52:01;13.372166872025;0;0;18.96;19.96;0
2019-02-16 06:53:01;13.475844144821;0;0;19.28;19.96;0
2019-02-16 06:54:01;13.295235872269;0;0;19.28;19.96;0
2019-02-16 06:55:01;13.368972063065;0;0;18.96;19.32;0
2019-02-16 06:56:01;13.268653154373;0;0;19.28;19.32;0
2019-02-16 06:57:01;13.24213886261;0;0;19.28;19.32;0
2019-02-16 06:58:02;13.405705928802;0;0;19.28;19.32;0
2019-02-16 06:59:01;13.501988887787;0;0;19.28;19.32;0
2019-02-16 07:00:01;13.368551969528;0;0;19.28;19.32;0
2019-02-16 07:01:01;13.397222995758;0;0;19.28;19.32;0
2019-02-16 07:02:02;13.298335075378;0;0;19.28;19.32;0
2019-02-16 07:03:02;13.343898057938;0;0;19.28;19.32;0
2019-02-16 07:04:02;13.421245098114;0;0;19.28;19.32;0
2019-02-16 07:05:01;13.275751113892;0;0;19.28;19.32;0
2019-02-16 07:06:01;13.24031496048;0;0;19.28;19.32;0
2019-02-16 07:07:01;13.498663902283;0;0;19.28;19.32;0
2019-02-16 07:08:01;13.581207036972;0;0;19.28;19.32;0
2019-02-16 07:09:01;13.560928106308;0;0;18.96;19.32;0
2019-02-16 07:10:01;13.543869972229;0;0;19.28;19.32;0
2019-02-16 07:11:01;13.52439904213;0;0;19.28;19.32;0
2019-02-16 07:12:01;13.520467042923;0;0;19.28;19.32;0
2019-02-16 07:13:02;13.545809030533;0;0;19.28;19.32;0
2019-02-16 07:14:01;13.54624581337;0;0;18.96;19.32;0
2019-02-16 07:15:01;13.358622074127;0;0;19.28;19.32;0
2019-02-16 07:16:01;13.569180965424;0;0;19.28;19.32;0
2019-02-16 07:17:02;13.567696094513;0;0;19.28;19.32;0
2019-02-16 07:18:01;13.361690044403;0;0;19.28;19.32;0
2019-02-16 07:19:01;13.472909927368;0;0;19.28;19.32;0
2019-02-16 07:20:02;13.483098983765;0;0;19.28;19.32;0
2019-02-16 07:21:01;13.273515939713;0;0;19.28;19.32;0
2019-02-16 07:22:01;13.312017202377;0;0;19.28;19.32;0
2019-02-16 07:23:01;13.395561933517;0;0;18.96;19.32;0
2019-02-16 07:24:01;13.32968711853;0;0;19.28;19.32;0
2019-02-16 07:25:01;13.373584985733;0;0;19.28;19.32;0
2019-02-16 07:26:01;13.457115888596;0;0;19.28;19.32;0
2019-02-16 07:27:01;13.217050075531;0;0;19.28;19.32;0
2019-02-16 07:28:01;13.348825931549;0;0;19.28;19.32;0
2019-02-16 07:29:01;13.516867160797;0;0;18.96;19.32;0
2019-02-16 07:30:01;13.502577066422;0;0;18.96;19.32;0
2019-02-16 07:31:01;13.432049036026;0;0;19.28;19.32;0
2019-02-16 07:32:01;13.322526931763;0;0;19.28;19.32;0
2019-02-16 07:33:01;13.234418869019;0;0;19.28;19.32;0
2019-02-16 07:34:02;13.357439041138;0;0;19.28;19.32;0
2019-02-16 07:35:01;13.546681880951;0;0;19.28;19.32;0
2019-02-16 07:36:01;13.225565195084;0;0;19.28;19.96;0
2019-02-16 07:37:01;13.359787940979;0;0;19.28;19.32;0
2019-02-16 07:38:02;13.476988077164;0;0;19.28;19.32;0
2019-02-16 07:39:01;13.428771018982;0;0;19.28;19.32;0
2019-02-16 07:40:01;13.219576120377;0;0;19.28;19.32;0
2019-02-16 07:41:01;13.403269052505;0;0;19.28;19.32;0
2019-02-16 07:42:01;13.189555883408;0;0;19.28;19.32;0
2019-02-16 07:43:01;13.38433098793;0;0;19.28;19.32;0
2019-02-16 07:44:01;13.324922084808;0;0;19.28;19.32;0
2019-02-16 07:45:01;13.219437837601;0;0;19.28;19.96;0
2019-02-16 07:46:01;13.301753997803;0;0;19.28;19.32;0
2019-02-16 07:47:01;13.253936052322;0;0;19.28;19.96;0
2019-02-16 07:48:01;13.526515960693;0;0;19.28;19.32;0
2019-02-16 07:49:01;13.565572977066;0;0;19.28;19.96;0
2019-02-16 07:50:01;13.365302085876;0;0;19.28;19.96;0
2019-02-16 07:51:01;13.391971111298;0;0;19.28;19.96;0
2019-02-16 07:52:01;13.49763584137;0;0;19.28;19.32;0
2019-02-16 07:53:01;13.317955970764;0;0;19.28;19.96;0
2019-02-16 07:54:01;13.395539999008;0;0;19.28;19.32;0
2019-02-16 07:55:02;13.367363929749;0;0;19.28;19.32;0
2019-02-16 07:56:02;13.137315034866;0;0;19.28;19.96;0
2019-02-16 07:57:01;13.477187871933;0;0;19.28;19.96;0
2019-02-16 07:58:01;13.329374074936;0;0;19.28;19.96;0
2019-02-16 07:59:01;13.322348117828;0;0;19.28;19.96;0
2019-02-16 08:00:01;13.343222856522;0;0;19.28;19.96;0
2019-02-16 08:01:01;13.372313976288;0;0;19.28;19.32;0
2019-02-16 08:02:01;13.537216901779;0;0;19.28;19.96;0
2019-02-16 08:03:02;13.561392068863;0;0;19.28;19.96;0
2019-02-16 08:04:01;13.362701892853;0;0;19.28;19.96;0
2019-02-16 08:05:01;13.429872989655;0;0;19.28;19.96;0
2019-02-16 08:06:01;13.225658893585;0;0;19.28;19.96;0
2019-02-16 08:07:01;13.393187999725;0;0;19.6;19.96;0
2019-02-16 08:08:01;13.230036973953;0;0;19.6;19.96;0
2019-02-16 08:09:01;13.278048992157;0;0;19.6;19.96;0
2019-02-16 08:10:01;13.512207984924;0;0;19.28;19.96;0
2019-02-16 08:11:02;13.522192955017;0;0;19.6;19.96;0
2019-02-16 08:12:01;13.455381155014;0;0;19.6;19.96;0
2019-02-16 08:13:01;13.263484954834;0;0;19.6;19.96;0
2019-02-16 08:14:01;13.449792146683;0;0;19.6;19.96;0
2019-02-16 08:15:02;13.211285114288;0;0;19.6;19.96;0
2019-02-16 08:16:01;13.444861888885;0;0;19.6;19.96;0
2019-02-16 08:17:01;13.389228820801;0;0;19.6;19.96;0
2019-02-16 08:18:02;13.414978981018;0;0;19.6;19.96;0
2019-02-16 08:19:01;13.47496008873;0;0;19.6;19.96;0
2019-02-16 08:20:02;13.37886595726;0;0;19.6;19.96;0
2019-02-16 08:21:01;13.354069948196;0;0;19.6;19.96;0
2019-02-16 08:22:01;13.413780927658;0;0;19.6;19.96;0
2019-02-16 08:23:01;13.303419828415;0;0;19.6;19.96;0
2019-02-16 08:24:02;13.457900047302;0;0;19.6;19.96;0
2019-02-16 08:25:01;13.527781009674;0;0;19.6;19.96;0
2019-02-16 08:26:01;13.295530080795;0;0;19.6;19.96;0
2019-02-16 08:27:01;13.205967903137;0;0;19.6;19.96;0
2019-02-16 08:28:02;13.407150030136;0;0;19.6;19.96;0
2019-02-16 08:29:02;13.40189409256;0;0;19.6;19.96;0
2019-02-16 08:30:01;13.322961091995;0;0;19.6;19.96;0
2019-02-16 08:31:01;13.534947156906;0;0;19.6;19.32;0
2019-02-16 08:32:01;13.404688119888;0;0;19.6;19;0
2019-02-16 08:33:01;13.483054876328;0;0;19.92;18.68;0
2019-02-16 08:34:01;13.471954107285;0;0;19.92;18.68;0
2019-02-16 08:35:02;13.512289047241;0;0;19.6;18.68;0
2019-02-16 08:36:01;13.473096132278;0;0;19.92;18.68;0
2019-02-16 08:37:01;13.357328176498;0;0;20.24;18.68;0
2019-02-16 08:38:01;13.398371219635;0;0;20.24;18.68;0
2019-02-16 08:39:01;13.390183925629;0;0;20.24;19;0
2019-02-16 08:40:01;13.346738815308;0;0;19.92;19;0
2019-02-16 08:41:01;13.513855934143;0;0;19.92;19;0
2019-02-16 08:42:01;13.385195016861;0;0;19.92;19;0
2019-02-16 08:43:01;13.422775030136;0;0;19.92;19;0
2019-02-16 08:44:01;13.296544075012;0;0;20.24;19;0
2019-02-16 08:45:01;13.506499052048;0;0;20.24;19;0
2019-02-16 08:46:02;13.304366111755;0;0;20.56;19;0
2019-02-16 08:47:01;13.459551095963;0;0;20.24;19;0
2019-02-16 08:48:01;13.375005960464;0;0;20.56;19.32;0
2019-02-16 08:49:02;13.422263860703;0;0;20.56;19.32;0
2019-02-16 08:50:01;13.387539863586;0;0;20.56;19.32;0
2019-02-16 08:51:02;13.458294868469;0;0;20.56;19.32;0
2019-02-16 08:52:01;13.531868934631;0;0;20.56;19.32;0
2019-02-16 08:53:01;13.531035900116;0;0;20.56;19.32;0
2019-02-16 08:54:01;13.406587123871;0;0;20.56;19.32;0
2019-02-16 08:55:01;13.636846065521;0;0;20.56;19.32;0
2019-02-16 08:56:01;13.325138092041;0;0;20.56;19.32;0
2019-02-16 08:57:01;13.310662031174;0;0;20.56;19.32;0
2019-02-16 08:58:01;13.483379125595;0;0;20.56;19.32;0
2019-02-16 08:59:01;13.319925785065;0;0;20.56;19.32;0
2019-02-16 09:00:01;13.347772121429;0;0;20.56;19.32;0
2019-02-16 09:01:01;13.356052875519;0;0;20.56;19.32;0
2019-02-16 09:02:02;13.506421089172;0;0;20.56;19.32;0
2019-02-16 09:03:01;13.250230073929;0;0;20.56;19.96;0
2019-02-16 09:04:01;13.398396968842;0;0;20.88;19.32;0
2019-02-16 09:05:01;13.463814020157;0;0;20.56;19.32;0
2019-02-16 09:06:01;13.533468008041;0;0;20.88;19.32;0
2019-02-16 09:07:01;13.354348897934;0;0;20.56;19.96;0
2019-02-16 09:08:01;13.457340955734;0;0;20.88;19.96;0
2019-02-16 09:09:01;13.379254102707;0;0;20.88;19.96;0
2019-02-16 09:10:02;13.255784034729;0;0;20.56;19.96;0
2019-02-16 09:11:02;13.389831066132;0;0;20.56;19.96;0
2019-02-16 09:12:01;13.477730989456;0;0;20.88;19.96;0
2019-02-16 09:13:01;13.509770870209;0;0;20.56;19.96;0
2019-02-16 09:14:01;13.444766998291;0;0;20.88;19.96;0
2019-02-16 09:15:01;13.338824987411;0;0;20.88;19.96;0
2019-02-16 09:16:01;13.32936000824;0;0;20.88;19.96;0
2019-02-16 09:17:01;13.430079936981;0;0;20.56;19.96;0
2019-02-16 09:18:01;13.510987043381;0;0;20.88;19.96;0
2019-02-16 09:19:01;13.518294095993;0;0;20.88;19.96;0
2019-02-16 09:20:01;13.529016971588;0;0;20.88;19.96;0
2019-02-16 09:21:01;13.470489025116;0;0;20.56;19.96;0
2019-02-16 09:22:01;13.365748882294;0;0;20.88;19.96;0
2019-02-16 09:23:01;13.271719932556;0;0;20.56;19.96;0
2019-02-16 09:24:01;13.539734125137;0;0;20.88;19.96;0
2019-02-16 09:25:01;13.46110200882;0;0;20.88;19.96;0
2019-02-16 09:26:01;13.467328071594;0;0;20.88;19.96;0
2019-02-16 09:27:02;13.447733879089;0;0;20.88;19.96;0
2019-02-16 09:28:01;13.419285058975;0;0;20.56;19.96;0
2019-02-16 09:29:01;13.476963996887;0;0;20.88;19.96;0
2019-02-16 09:30:01;13.305016040802;0;0;20.88;19.96;0
2019-02-16 09:31:01;13.416690826416;0;0;20.88;19.96;0
2019-02-16 09:32:01;13.271960020065;0;0;20.88;19.96;0
2019-02-16 09:33:01;13.498193025589;0;0;20.88;19.96;0
2019-02-16 09:34:01;13.533441066742;0;0;20.88;19.96;0
2019-02-16 09:35:01;13.287392854691;0;0;20.88;19.96;0
2019-02-16 09:36:01;13.494071960449;0;0;20.88;19.96;0
2019-02-16 09:37:01;13.253905057907;0;0;20.88;19.96;0
2019-02-16 09:38:01;13.484134197235;0;0;20.88;19.96;0
2019-02-16 09:39:01;13.41526889801;0;0;20.88;19.96;0
2019-02-16 09:40:01;13.441303014755;0;0;20.88;19.96;0
2019-02-16 09:41:02;13.406183004379;0;0;20.88;19.96;0
2019-02-16 09:42:01;13.494622945786;0;0;20.88;19.96;0
2019-02-16 09:43:01;13.219366073608;0;0;20.88;19.96;0
2019-02-16 09:44:01;13.488775968552;0;0;20.56;20.28;0
2019-02-16 09:45:01;13.153777122498;0;0;20.88;19.96;0
2019-02-16 09:46:01;13.475260019302;0;0;20.56;19.96;0
2019-02-16 09:47:01;13.556564807892;0;0;20.88;20.28;0
2019-02-16 09:48:02;13.449583053589;0;0;20.88;20.28;0
2019-02-16 09:49:01;13.583786010742;0;0;20.88;19.96;0
2019-02-16 09:50:01;13.454622983932;0;0;20.88;19.96;0
2019-02-16 09:51:01;13.164367198944;0;0;20.56;19.96;0
2019-02-16 09:52:01;13.370377063751;0;0;20.88;19.96;0
2019-02-16 09:53:02;13.39871096611;0;0;20.88;19.96;0
2019-02-16 09:54:01;13.45812702179;0;0;20.88;20.28;0
2019-02-16 09:55:01;13.376180171967;0;0;20.88;19.96;0
2019-02-16 09:56:01;13.358638048172;0;0;20.88;20.28;0
2019-02-16 09:57:01;13.386477947235;0;0;20.88;20.28;0
2019-02-16 09:58:01;13.417176008224;0;0;20.88;20.28;0
2019-02-16 09:59:01;13.317909955978;0;0;20.88;19.96;0
2019-02-16 10:00:01;13.398735046387;0;0;20.88;20.28;0
2019-02-16 10:01:01;13.398878097534;0;0;20.88;20.28;0
2019-02-16 10:02:02;13.259346008301;0;0;20.88;19.96;0
2019-02-16 10:03:02;13.566591024399;0;0;20.88;20.28;0
2019-02-16 10:04:01;13.192869901657;0;0;20.88;19.96;0
2019-02-16 10:05:01;13.314301967621;0;0;20.88;20.28;0
2019-02-16 10:06:01;13.302693128586;0;0;20.88;19.96;0
2019-02-16 10:07:01;13.384850025177;0;0;20.88;20.28;0
2019-02-16 10:08:01;13.340083122253;0;0;20.88;20.28;0
2019-02-16 10:09:01;13.360909938812;0;0;20.88;20.28;0
2019-02-16 10:10:01;13.455199956894;0;0;20.88;20.28;0
2019-02-16 10:11:01;13.420469045639;0;0;20.88;20.28;0
2019-02-16 10:12:02;13.364596128464;0;0;20.88;20.28;0
2019-02-16 10:13:01;13.320821046829;0;0;20.88;20.28;0
2019-02-16 10:14:01;13.431849956512;0;0;20.88;20.28;0
2019-02-16 10:15:02;13.446280956268;0;0;20.88;20.28;0
2019-02-16 10:16:01;13.389694929123;0;0;20.88;20.28;0
2019-02-16 10:17:01;13.523402929306;0;0;20.88;20.28;0
2019-02-16 10:18:01;13.402821063995;0;0;20.88;20.28;0
2019-02-16 10:19:01;13.318415164948;0;0;20.88;20.28;0
2019-02-16 10:20:01;13.404385089874;0;0;20.56;20.28;0
2019-02-16 10:21:01;13.480453014374;0;0;20.88;20.28;0
2019-02-16 10:22:01;13.516483068466;0;0;20.88;20.28;0
2019-02-16 10:23:01;13.533442974091;0;0;20.88;19.96;0
2019-02-16 10:24:01;13.417894124985;0;0;20.88;19.96;0
2019-02-16 10:25:01;13.485518932343;0;0;20.88;19.96;0
2019-02-16 10:26:01;13.379319906235;0;0;20.88;19.96;0
2019-02-16 10:27:01;13.526880979538;0;0;20.88;20.28;0
2019-02-16 10:28:01;13.457794904709;0;0;20.88;20.28;0
2019-02-16 10:29:01;13.553474903107;0;0;20.56;20.28;0
2019-02-16 10:30:01;13.278023958206;0;0;20.88;20.28;0
2019-02-16 10:31:01;13.604597091675;0;0;20.56;19.96;0
2019-02-16 10:32:02;13.592652082443;0;0;20.88;20.28;0
2019-02-16 10:33:01;13.369179010391;0;0;20.88;19.96;0
2019-02-16 10:34:01;13.475390911102;0;0;20.88;20.28;0
2019-02-16 10:35:01;13.474917888641;0;0;20.88;20.28;0
2019-02-16 10:36:01;13.317728996277;0;0;20.88;20.28;0
2019-02-16 10:37:01;13.339030981064;0;0;20.88;20.28;0
2019-02-16 10:38:01;13.291781902313;0;0;20.56;20.28;0
2019-02-16 10:39:01;13.578611850739;0;0;20.56;20.28;0
2019-02-16 10:40:01;13.360930919647;0;0;20.88;20.28;0
2019-02-16 10:41:01;13.473471164703;0;0;20.56;20.28;0
2019-02-16 10:42:01;13.429638147354;0;0;20.88;20.28;0
2019-02-16 10:43:01;13.268290996552;0;0;20.88;20.28;0
2019-02-16 10:44:01;13.261168956757;0;0;20.88;20.28;0
2019-02-16 10:45:01;13.378835916519;0;0;20.88;20.28;0
2019-02-16 10:46:01;13.294209003448;0;0;20.88;20.28;0
2019-02-16 10:47:01;13.58477306366;0;0;20.88;20.28;0
2019-02-16 10:48:01;13.539435863495;0;0;20.88;20.28;0
2019-02-16 10:49:01;13.333637952805;0;0;20.88;20.28;0
2019-02-16 10:50:02;13.317924976349;0;0;20.88;20.28;0
2019-02-16 10:51:01;13.454400062561;0;0;20.88;20.28;0
2019-02-16 10:52:01;13.291831970215;0;0;20.88;20.28;0
2019-02-16 10:53:01;13.296090841293;0;0;20.88;20.28;0
2019-02-16 10:54:01;13.322100162506;0;0;20.88;20.28;0
2019-02-16 10:55:01;13.297787189484;0;0;20.56;20.28;0
2019-02-16 10:56:01;13.359157800674;0;0;20.88;20.28;0
2019-02-16 10:57:02;13.247045993805;0;0;20.88;20.28;0
2019-02-16 10:58:01;13.196453094482;0;0;20.88;20.28;0
2019-02-16 10:59:01;13.314800024033;0;0;20.56;19.96;0
2019-02-16 11:00:01;13.334315061569;0;0;20.88;20.28;0
2019-02-16 11:01:01;13.396755933762;0;0;20.88;20.28;0
2019-02-16 11:02:02;13.251226902008;0;0;20.88;20.28;0
2019-02-16 11:03:01;13.406240940094;0;0;20.88;20.28;0
2019-02-16 11:04:02;13.554624080658;0;0;20.88;20.28;0
2019-02-16 11:05:01;13.374308824539;0;0;20.88;20.28;0
2019-02-16 11:06:01;13.168307065964;0;0;20.88;20.28;0
2019-02-16 11:07:01;13.457489967346;0;0;20.88;20.28;0
2019-02-16 11:08:01;13.44381403923;0;0;20.88;20.28;0
2019-02-16 11:09:01;13.203798055649;0;0;20.88;20.28;0
2019-02-16 11:10:01;13.324316978455;0;0;20.88;20.28;0
2019-02-16 11:11:01;13.290938854218;0;0;20.88;20.28;0
2019-02-16 11:12:01;13.375097036362;0;0;20.88;20.28;0
2019-02-16 11:13:01;13.461046934128;0;0;20.88;20.28;0
2019-02-16 11:14:02;13.473566055298;0;0;20.88;20.28;0
2019-02-16 11:15:01;13.338937997818;0;0;20.88;20.28;0
2019-02-16 11:16:01;13.334193944931;0;0;20.88;20.28;0
2019-02-16 11:17:01;13.548843860626;0;0;20.88;20.28;0
2019-02-16 11:18:01;13.42956495285;0;0;20.88;20.28;0
2019-02-16 11:19:02;13.443273067474;0;0;20.88;20.28;0
2019-02-16 11:20:01;13.357645988464;0;0;20.88;20.28;0
2019-02-16 11:21:01;13.445498943329;0;0;20.88;20.28;0
2019-02-16 11:22:02;13.364149093628;0;0;20.88;20.28;0
2019-02-16 11:23:01;13.608970880508;0;0;20.88;20.28;0
2019-02-16 11:24:01;13.525794029236;0;0;20.88;20.28;0
2019-02-16 11:25:01;13.360991001129;0;0;20.88;20.28;0
2019-02-16 11:26:01;13.363862991333;0;0;20.88;20.28;0
2019-02-16 11:27:01;13.398036003113;0;0;20.88;20.28;0
2019-02-16 11:28:02;13.184296131134;0;0;20.88;20.28;0
2019-02-16 11:29:01;13.305926084518;0;0;20.88;20.28;0
2019-02-16 11:30:02;13.334367036819;0;0;20.88;20.28;0
2019-02-16 11:31:01;13.208826065063;0;0;20.88;20.28;0
2019-02-16 11:32:01;13.162033081055;0;0;20.88;20.28;0
2019-02-16 11:33:01;13.4782371521;0;0;20.88;20.28;0
2019-02-16 11:34:01;13.27611207962;0;0;20.88;20.28;0
2019-02-16 11:35:01;13.337431192398;0;0;20.88;20.28;0
2019-02-16 11:36:02;13.476933002472;0;0;20.88;20.28;0
2019-02-16 11:37:01;13.255930900574;0;0;20.88;20.28;0
2019-02-16 11:38:01;13.559630870819;0;0;20.88;20.28;0
2019-02-16 11:39:01;13.38359618187;0;0;20.88;20.28;0
2019-02-16 11:40:01;13.527822971344;0;0;20.88;20.28;0
2019-02-16 11:41:01;13.311091899872;0;0;20.88;20.28;0
2019-02-16 11:42:02;13.472759008408;0;0;20.88;20.28;0
2019-02-16 11:43:01;13.568779945374;0;0;20.88;20.28;0
2019-02-16 11:44:01;13.382496118546;0;0;20.88;20.28;0
2019-02-16 11:45:01;13.460834026337;0;0;20.88;20.28;0
2019-02-16 11:46:01;13.412528038025;0;0;20.88;20.28;0
2019-02-16 11:47:02;13.391866207123;0;0;20.88;20.28;0
2019-02-16 11:48:01;13.23503279686;0;0;20.88;20.28;0
2019-02-16 11:49:01;13.19813990593;0;0;20.88;20.28;0
2019-02-16 11:50:01;13.164113998413;0;0;20.88;20.28;0
2019-02-16 11:51:01;13.422828912735;0;0;20.88;20.28;0
2019-02-16 11:52:01;13.476372003555;0;0;20.88;20.28;0
2019-02-16 11:53:01;13.492043972015;0;0;20.88;20.28;0
2019-02-16 11:54:01;13.542598962784;0;0;20.88;20.28;0
2019-02-16 11:55:01;13.379469156265;0;0;20.88;20.28;0
2019-02-16 11:56:01;13.395471811295;0;0;20.88;20.28;0
2019-02-16 11:57:01;13.309580087662;0;0;20.88;20.28;0
2019-02-16 11:58:01;13.548552036285;0;0;20.88;20.28;0
2019-02-16 11:59:01;13.505813121796;0;0;20.88;20.28;0
2019-02-16 12:00:01;13.360844135284;0;0;20.88;20.28;0
2019-02-16 12:01:01;13.24945306778;0;0;20.88;20.28;0
2019-02-16 12:02:01;13.413447856903;0;0;20.56;20.28;0
2019-02-16 12:03:01;13.224859952927;0;0;20.88;20.28;0
2019-02-16 12:04:01;13.369624853134;0;0;20.88;20.28;0
2019-02-16 12:05:01;13.484076976776;0;0;20.88;20.28;0
2019-02-16 12:06:01;13.515836000443;0;0;20.88;20.28;0
2019-02-16 12:07:01;13.487664937973;0;0;20.88;20.28;0
2019-02-16 12:08:01;13.328876018524;0;0;20.88;20.28;0
2019-02-16 12:09:02;13.448833942413;0;0;20.88;20.28;0
2019-02-16 12:10:01;13.485503196716;0;0;20.88;20.28;0
2019-02-16 12:11:01;13.536826133728;0;0;20.88;20.28;0
2019-02-16 12:12:01;13.536381006241;0;0;20.88;20.28;0
2019-02-16 12:13:02;13.528506040573;0;0;20.88;20.28;0
2019-02-16 12:14:01;13.43425488472;0;0;20.88;20.28;0
2019-02-16 12:15:01;13.345817804337;0;0;20.88;20.28;0
2019-02-16 12:16:01;13.349822998047;0;0;20.88;20.28;0
2019-02-16 12:17:01;13.339157104492;0;0;20.88;20.28;0
2019-02-16 12:18:01;13.44963312149;0;0;20.88;20.28;0
2019-02-16 12:19:01;13.332706928253;0;0;20.88;20.28;0
2019-02-16 12:20:01;13.207828998566;0;0;20.88;20.28;0
2019-02-16 12:21:01;13.4379529953;0;0;20.88;20.28;0
2019-02-16 12:22:01;13.450766086578;0;0;20.88;20.28;0
2019-02-16 12:23:01;13.49448800087;0;0;20.88;20.28;0
2019-02-16 12:24:02;13.258265972137;0;0;20.88;20.28;0
2019-02-16 12:25:01;13.452552080154;0;0;20.88;20.28;0
2019-02-16 12:26:01;13.366146087646;0;0;20.88;20.28;0
2019-02-16 12:27:01;13.406467914581;0;0;20.88;20.28;0
2019-02-16 12:28:01;13.588255167007;0;0;20.88;20.28;0
2019-02-16 12:29:01;13.57808303833;0;0;20.88;20.28;0
2019-02-16 12:30:01;13.539978981018;0;0;20.88;20.28;0
2019-02-16 12:31:02;13.608654022217;0;0;20.88;20.28;0
2019-02-16 12:32:01;13.259661912918;0;0;20.88;20.28;0
2019-02-16 12:33:01;13.542923927307;0;0;20.88;20.28;0
2019-02-16 12:34:02;13.364039897919;0;0;20.88;20.28;0
2019-02-16 12:35:01;13.350107908249;0;0;20.88;20.28;0
2019-02-16 12:36:01;13.2800989151;0;0;20.88;20.28;0
2019-02-16 12:37:01;13.307869195938;0;0;20.88;20.28;0
2019-02-16 12:38:01;13.270017147064;0;0;20.88;20.28;0
2019-02-16 12:39:01;13.585366010666;0;0;20.88;20.28;0
2019-02-16 12:40:01;13.618567943573;0;0;20.88;20.28;0
2019-02-16 12:41:01;13.401292085648;0;0;20.88;20.28;0
2019-02-16 12:42:01;13.468531131744;0;0;20.88;20.28;0
2019-02-16 12:43:01;13.291836023331;0;0;20.88;20.28;0
2019-02-16 12:44:01;13.364562034607;0;0;20.88;20.28;0
2019-02-16 12:45:01;13.549380779266;0;0;20.88;20.28;0
2019-02-16 12:46:02;13.319081783295;0;0;20.88;20.28;0
2019-02-16 12:47:01;13.373901128769;0;0;20.88;20.28;0
2019-02-16 19:43:46;13.657253026962;0;0;19.92;19.96;0
2019-02-16 19:44:02;11.069844007492;0;0;20.56;19.96;0
2019-02-16 19:45:01;13.421283006668;0;0;20.56;19.96;0
2019-02-16 19:46:01;13.240318059921;0;0;20.56;19.96;0
2019-02-16 19:47:01;13.474127054214;0;0;19.92;19.96;0
2019-02-16 19:48:01;13.365395784378;0;0;20.56;19.96;0
2019-02-16 19:49:01;13.473644971848;0;0;20.56;19.96;0
2019-02-16 19:50:02;13.48111987114;0;0;20.56;19.96;0
2019-02-16 19:51:01;13.258082151413;0;0;20.56;19.96;0
2019-02-16 19:52:01;13.231465101242;0;0;20.24;19.96;0
2019-02-16 19:53:01;13.332705974579;0;0;20.24;19.96;0
2019-02-16 19:54:01;13.298536062241;0;0;20.24;19.96;0
2019-02-16 19:55:01;13.262921094894;0;0;19.92;19.96;0
2019-02-16 19:56:01;13.382399082184;0;0;20.56;19.96;0
2019-02-16 19:57:01;13.464948892593;0;0;20.56;19.96;0
2019-02-16 19:58:01;13.411400079727;0;0;20.56;19.96;0
2019-02-16 19:59:02;13.373183965683;0;0;20.56;19.96;0
2019-02-16 20:00:01;13.434214830399;0;0;20.24;19.96;0
2019-02-16 20:01:01;13.513343095779;0;0;20.56;19.96;0
2019-02-16 20:02:01;13.302285909653;0;0;20.56;19.96;0
2019-02-16 20:03:02;13.468084096909;0;0;20.56;19.96;0
2019-02-16 20:04:01;13.465710163116;0;0;20.56;19.96;0
2019-02-16 20:05:01;13.193902015686;0;0;20.56;19.96;0
2019-02-16 20:06:01;13.239695072174;0;0;20.56;19.96;0
2019-02-16 20:07:01;13.471997022629;0;0;19.92;19.96;0
2019-02-16 20:08:01;13.477253913879;0;0;19.92;19.96;0
2019-02-16 20:09:01;13.226461172104;0;0;20.56;19.96;0
2019-02-16 20:10:02;13.257296800613;0;0;20.56;19.96;0
2019-02-16 20:11:01;13.401919126511;0;0;20.56;19.96;0
2019-02-16 20:12:01;13.207730054855;0;0;20.56;19.96;0
2019-02-16 20:13:01;13.439637899399;0;0;20.56;19.96;0
2019-02-16 20:14:01;13.211107969284;0;0;20.56;19.96;0
2019-02-16 20:15:01;13.45608997345;0;0;20.56;19.96;0
2019-02-16 20:16:02;13.534849882126;0;0;20.56;19.96;0
2019-02-16 20:17:01;13.456179857254;0;0;20.56;19.96;0
2019-02-16 20:18:01;13.421766042709;0;0;20.56;19.96;0
2019-02-16 20:19:01;13.494071960449;0;0;20.56;19.96;0
2019-02-16 20:20:01;13.484026908875;0;0;20.56;19.96;0
2019-02-16 20:21:02;13.285286903381;0;0;20.56;19.96;0
2019-02-16 20:22:01;13.316846132278;0;0;20.24;19.96;0
2019-02-16 20:23:01;13.16139793396;0;0;20.56;19.96;0
2019-02-16 20:24:01;13.358832120895;0;0;20.56;19.96;0
2019-02-16 20:25:01;13.304713010788;0;0;20.56;19.96;0
2019-02-16 20:26:01;13.516520023346;0;0;20.56;19.96;0
2019-02-16 20:27:02;13.427164077759;0;0;20.24;19.96;0
2019-02-16 20:28:01;13.245449066162;0;0;20.56;19.96;0
2019-02-16 20:29:01;13.522125959396;0;0;20.56;19.96;0
2019-02-16 20:30:01;13.408215999603;0;0;20.56;19.96;0
2019-02-16 20:31:01;13.470456123352;0;0;20.56;19.96;0
2019-02-16 20:32:01;13.467515945435;0;0;20.56;19.96;0
2019-02-16 20:33:01;13.410248994827;0;0;19.92;19.96;0
2019-02-16 20:34:01;13.385200023651;0;0;20.56;19.96;0
2019-02-16 20:35:01;13.367156028748;0;0;20.56;19.96;0
2019-02-16 20:36:01;13.391652822495;0;0;20.56;19.96;0
2019-02-16 20:37:01;13.465068817139;0;0;20.56;19.96;0
2019-02-16 20:38:01;13.509281873703;0;0;20.56;19.96;0
2019-02-16 20:39:01;13.237377882004;0;0;20.56;19.96;0
2019-02-16 20:40:01;13.229053974152;0;0;20.56;19.96;0
2019-02-16 20:41:02;13.421984195709;0;0;20.56;19.96;0
2019-02-16 20:42:01;13.245781183243;0;0;20.56;19.96;0
2019-02-16 20:43:01;13.388381958008;0;0;20.56;19.96;0
2019-02-16 20:44:01;13.511564970016;0;0;20.56;19.96;0
2019-02-16 20:45:01;13.411441802979;0;0;20.56;19.96;0
2019-02-16 20:46:01;13.486749887466;0;0;20.56;19.96;0
2019-02-16 20:47:01;13.41780090332;0;0;20.24;19.96;0
2019-02-16 20:48:01;13.228066921234;0;0;20.24;19.96;0
2019-02-16 20:49:01;13.592148065567;0;0;20.56;19.96;0
2019-02-16 20:50:01;13.316281080246;0;0;20.56;19.96;0
2019-02-16 20:51:01;13.2120449543;0;0;20.56;19.96;0
2019-02-16 20:52:01;13.416958093643;0;0;20.56;19.96;0
2019-02-16 20:53:01;13.462738990784;0;0;20.56;19.96;0
2019-02-16 20:54:01;13.455936908722;0;0;20.56;19.96;0
2019-02-16 20:55:01;13.414676904678;0;0;20.56;19.96;0
2019-02-16 20:56:01;13.251566886902;0;0;20.56;19.96;0
2019-02-16 20:57:01;13.283607959747;0;0;20.56;19.96;0
2019-02-16 20:58:01;13.598965883255;0;0;20.56;19.96;0
2019-02-16 20:59:02;13.407740116119;0;0;20.56;19.96;0
2019-02-16 21:00:01;13.211725950241;0;0;20.56;19.96;0
2019-02-16 21:01:01;13.37287902832;0;0;20.56;19.96;0
2019-02-16 21:02:02;13.378745794296;0;0;20.56;19.96;0
2019-02-16 21:03:01;13.518779039383;0;0;20.56;19.96;0
2019-02-16 21:04:01;13.264759063721;0;0;20.24;19.96;0
2019-02-16 21:05:01;13.505326032639;0;0;20.24;19.96;0
2019-02-16 21:06:01;13.506241083145;0;0;20.56;19.96;0
2019-02-16 21:07:01;13.459526062012;0;0;20.56;19.96;0
2019-02-16 21:08:01;13.492557048798;0;0;20.56;19.96;0
2019-02-16 21:09:01;13.404466867447;0;0;20.56;19.96;0
2019-02-16 21:10:02;13.475487947464;0;0;20.56;19.96;0
2019-02-16 21:11:01;13.413482189178;0;0;20.56;19.96;0
2019-02-16 21:12:01;13.246131896973;0;0;20.56;19.96;0
2019-02-16 21:13:01;13.34795498848;0;0;20.56;19.96;0
2019-02-16 21:14:01;13.450664997101;0;0;20.56;19.96;0
2019-02-16 21:15:01;13.471206903458;0;0;20.56;19.96;0
2019-02-16 21:16:01;13.267877817154;0;0;20.56;19.96;0
2019-02-16 21:17:02;13.51488494873;0;0;20.56;19.96;0
2019-02-16 21:18:01;13.452166080475;0;0;20.56;19.96;0
2019-02-16 21:19:01;13.512254953384;0;0;20.56;19.96;0
2019-02-16 21:20:01;13.404335975647;0;0;20.56;19.96;0
2019-02-16 21:21:01;13.399509906769;0;0;20.56;19.96;0
2019-02-16 21:22:01;13.50044298172;0;0;20.56;19.96;0
2019-02-16 21:23:01;13.249233007431;0;0;20.56;19.96;0
2019-02-16 21:24:01;13.399878025055;0;0;20.24;19.32;0
2019-02-16 21:25:02;13.266812086105;0;0;20.56;19.96;0
2019-02-16 21:26:01;13.417196035385;0;0;20.56;19.96;0
2019-02-16 21:27:01;13.49688410759;0;0;20.56;19.96;0
2019-02-16 21:28:01;13.470914840698;0;0;20.56;19.96;0
2019-02-16 21:29:01;13.421943187714;0;0;20.56;19.96;0
2019-02-16 21:30:01;13.301880121231;0;0;20.56;19.96;0
2019-02-16 21:31:01;13.396032810211;0;0;20.24;19.96;0
2019-02-16 21:32:02;68.261337995529;1;0;20.56;19.96
2019-02-16 21:33:01;24.238615036011;1;0;20.56;19.96
2019-02-16 21:34:01;74.598814964294;0;0;20.24;19.96
2019-02-16 21:35:01;17.477180957794;1;0;20.56;19.96
2019-02-16 21:36:01;12.150219917297;1;0;20.56;19.96
2019-02-16 21:37:01;9.0227088928223;1;1;19.6;19.96
2019-02-16 21:38:01;9.1726541519165;1;1;20.56;19.96
2019-02-16 21:39:01;8.9101390838623;1;1;20.24;19.96
2019-02-16 21:40:01;11.426580905914;1;1;20.56;19.96
2019-02-16 21:41:01;40.065248966217;1;1;20.56;19.96
2019-02-16 21:42:02;41.495840787888;0;0;20.56;19.96
2019-02-16 21:43:02;38.125650882721;1;1;20.56;19.32
2019-02-16 21:44:01;8.9661569595337;1;1;20.24;19.96
2019-02-16 21:45:01;9.6485240459442;1;1;20.56;19.96
2019-02-16 21:46:01;14.003858089447;1;1;20.56;19.96
2019-02-16 21:47:01;69.033753871918;1;1;20.56;19.96
2019-02-16 21:48:01;124.38468909264;0;0;19.92;19.96
2019-02-16 21:49:01;67.619996786118;0;1;20.56;19.96
2019-02-16 21:50:01;18.980132818222;1;1;20.56;19.96
2019-02-16 21:51:02;81.855616092682;1;0;20.24;19.96
2019-02-16 21:52:01;26.173050165176;0;1;19.92;19.96
2019-02-16 21:53:01;8.8016350269318;1;1;19.92;19.96
2019-02-16 21:54:01;10.025207042694;1;1;20.56;19.96
2019-02-16 21:55:01;9.1431739330292;1;1;20.56;19.96
2019-02-16 21:56:01;8.9370188713074;1;1;19.6;19.96
2019-02-16 21:57:01;56.201516151428;1;1;19.92;19.96
2019-02-16 21:58:01;25.410138130188;0;0;19.92;19.96
2019-02-16 21:59:01;8.9363219738007;1;1;20.24;19.96
2019-02-16 22:00:01;82.07243180275;1;0;20.24;19.96
2019-02-16 22:01:01;68.04008603096;1;0;20.56;19.96
2019-02-16 22:02:01;10.368365049362;0;0;20.24;19.96
2019-02-16 22:03:01;67.500144004822;0;0;20.56;19.96
2019-02-16 22:04:01;10.195768117905;0;0;20.24;19.96
2019-02-16 22:05:01;73.946337938309;0;1;20.24;19.96
2019-02-16 22:07:01;7.4735848903656;0;0;20.24;19.96
2019-02-16 22:06:01;76.779270172119;1;0;20.56;19.96
2019-02-16 22:08:01;71.042773008347;0;1;20.24;19.96
2019-02-16 22:09:01;13.071932077408;1;1;20.56;19.96
2019-02-16 22:10:01;13.297574996948;1;1;20.56;19.96
2019-02-16 22:11:01;25.260056972504;1;1;20.56;19.96
2019-02-16 22:12:01;8.8285281658173;1;1;20.24;19.96
2019-02-16 22:13:01;67.305824041367;1;1;20.56;19.96
2019-02-16 22:14:01;28.135589122772;0;1;20.56;19.96
2019-02-16 22:15:01;12.288150072098;1;1;20.24;19.96
2019-02-16 22:16:01;67.894954204559;1;0;20.56;19.96
2019-02-16 22:17:01;10.74094414711;1;1;20.56;19.96
2019-02-16 22:18:01;8.9868710041046;1;1;20.56;19.96
2019-02-16 22:19:01;8.7266960144043;1;1;20.56;19.96
2019-02-16 22:20:01;17.35723900795;1;1;20.56;19.96
2019-02-16 22:21:01;9.1361930370331;1;1;20.56;19.96
2019-02-16 22:22:01;39.920365095139;1;1;20.56;19.96
2019-02-16 22:23:01;9.1946620941162;1;1;20.56;19.96
2019-02-16 22:24:01;67.006440162659;1;0;20.56;19.96
2019-02-16 22:25:01;40.092630147934;1;1;20.24;19.96
2019-02-16 22:26:02;8.9844279289246;1;1;20.56;19.96
2019-02-16 22:27:01;8.9758939743042;1;1;20.56;19.96
2019-02-16 22:28:01;8.9718909263611;1;1;20.56;19.96
2019-02-16 22:29:01;9.0265309810638;1;1;20.56;19.96
2019-02-16 22:30:01;15.266845226288;1;1;20.56;19.96
2019-02-16 22:31:01;25.421480178833;0;0;20.56;19.96
2019-02-16 22:32:01;14.195938110352;1;1;20.56;19.96
