2019-02-14 00:00:01;20.270061969757;0;0;0;19;0;0;0
2019-02-14 00:01:01;20.033864021301;0;0;0;19;0;0;0
2019-02-14 00:02:01;20.258023023605;0;0;0;19;0;0;0
2019-02-14 00:03:02;20.233534097672;0;0;0;19;0;0;0
2019-02-14 00:04:01;20.088217020035;0;0;0;19;0;0;0
2019-02-14 00:05:01;20.186679840088;0;0;0;19;0;0;0
2019-02-14 00:06:01;20.043361902237;0;0;0;19;0;0;0
2019-02-14 00:07:01;20.184322118759;0;0;0;19;0;0;0
2019-02-14 00:08:01;20.112291097641;0;0;0;19;0;0;0
2019-02-14 00:09:01;20.224120140076;0;0;0;19;0;0;0
2019-02-14 00:10:01;20.141582012177;0;0;0;19;0;0;0
2019-02-14 00:11:01;20.143018007278;0;0;0;19;0;0;0
2019-02-14 00:12:01;20.263911962509;0;0;0;19;0;0;0
2019-02-14 00:13:01;20.065407037735;0;0;0;19;0;0;0
2019-02-14 00:14:01;20.130187988281;0;0;0;19;0;0;0
2019-02-14 00:15:01;20.143186092377;0;0;0;19;0;0;0
2019-02-14 00:16:01;20.084781885147;0;0;0;19;0;0;0
2019-02-14 00:17:02;20.103389978409;0;0;0;19;0;0;0
2019-02-14 00:18:01;20.249376058578;0;0;0;19;0;0;0
2019-02-14 00:19:01;20.235316991806;0;0;0;19;0;0;0
2019-02-14 00:20:01;20.187542915344;0;0;0;19;0;0;0
2019-02-14 00:21:01;20.082142829895;0;0;0;19;0;0;0
2019-02-14 00:22:01;20.262356996536;0;0;0;19;0;0;0
2019-02-14 00:23:01;20.073377847672;0;0;0;19;0;0;0
2019-02-14 00:24:01;20.092011213303;0;0;0;19;0;0;0
2019-02-14 00:25:02;20.203940868378;0;0;0;19;0;0;0
2019-02-14 00:26:01;20.277621984482;0;0;0;19;0;0;0
2019-02-14 00:27:02;20.244045972824;0;0;0;19;0;0;0
2019-02-14 00:28:01;20.172939062119;0;0;0;19;0;0;0
2019-02-14 00:29:01;20.138397932053;0;0;0;19;0;0;0
2019-02-14 00:30:01;20.100085020065;0;0;0;19;0;0;0
2019-02-14 00:31:01;20.263854980469;0;0;0;19;0;0;0
2019-02-14 00:32:01;20.077016830444;0;0;0;19;0;0;0
2019-02-14 00:33:02;20.227734088898;0;0;0;19;0;0;0
2019-02-14 00:34:01;20.129701137543;0;0;0;19;0;0;0
2019-02-14 00:35:01;20.077193021774;0;0;0;19;0;0;0
2019-02-14 00:36:01;20.267540931702;0;0;0;19;0;0;0
2019-02-14 00:37:01;20.096817016602;0;0;0;19;0;0;0
2019-02-14 00:38:01;20.085345983505;0;0;0;19;0;0;0
2019-02-14 00:39:02;20.259014129639;0;0;0;19;0;0;0
2019-02-14 00:40:01;20.063210010529;0;0;0;19;0;0;0
2019-02-14 00:41:02;20.237359046936;0;0;0;19;0;0;0
2019-02-14 00:42:02;20.08377790451;0;0;0;19;0;0;0
2019-02-14 00:43:01;20.173445224762;0;0;0;19;0;0;0
2019-02-14 00:44:01;20.227271080017;0;0;0;19;0;0;0
2019-02-14 00:45:01;20.08523106575;0;0;0;19;0;0;0
2019-02-14 00:46:01;20.169414997101;0;0;0;19;0;0;0
2019-02-14 00:47:01;20.248361110687;0;0;0;19;0;0;0
2019-02-14 00:48:01;20.074664831161;0;0;0;19;0;0;0
2019-02-14 00:49:01;20.236011981964;0;0;0;19;0;0;0
2019-02-14 00:50:01;20.14549612999;0;0;0;19;0;0;0
2019-02-14 00:51:01;20.115208864212;0;0;0;19;0;0;0
2019-02-14 00:52:01;20.06084394455;0;0;0;19;0;0;0
2019-02-14 00:53:01;20.184590816498;0;0;0;19;0;0;0
2019-02-14 00:54:02;20.04341006279;0;0;0;19;0;0;0
2019-02-14 00:55:01;20.14946103096;0;0;0;19;0;0;0
2019-02-14 00:56:01;20.093970060349;0;0;0;19;0;0;0
2019-02-14 00:57:01;20.26726102829;0;0;0;19;0;0;0
2019-02-14 00:58:01;20.054543018341;0;0;0;19;0;0;0
2019-02-14 00:59:01;20.086019039154;0;0;0;19;0;0;0
2019-02-14 01:00:01;20.241492986679;0;0;0;19;0;0;0
2019-02-14 01:01:01;20.122853040695;0;0;0;19;0;0;0
2019-02-14 01:02:01;20.153367996216;0;0;0;19;0;0;0
2019-02-14 01:03:01;20.226276874542;0;0;0;19;0;0;0
2019-02-14 01:04:02;20.091666936874;0;0;0;19;0;0;0
2019-02-14 01:05:01;20.295711040497;0;0;0;19;0;0;0
2019-02-14 01:06:01;20.228524923325;0;0;0;19;0;0;0
2019-02-14 01:07:01;20.085300922394;0;0;0;19;0;0;0
2019-02-14 01:08:01;20.290020942688;0;0;0;19;0;0;0
2019-02-14 01:09:02;20.218955993652;0;0;0;19;0;0;0
2019-02-14 01:10:02;20.043009996414;0;0;0;19;0;0;0
2019-02-14 01:11:01;20.076550006866;0;0;0;19;0;0;0
2019-02-14 01:12:01;20.08348608017;0;0;0;19;0;0;0
2019-02-14 01:13:01;20.244719982147;0;0;0;19;0;0;0
2019-02-14 01:14:01;20.184142112732;0;0;0;19;0;0;0
2019-02-14 01:15:01;20.195830106735;0;0;0;19;0;0;0
2019-02-14 01:16:01;20.045160055161;0;0;0;19;0;0;0
2019-02-14 01:17:01;20.075860023499;0;0;0;19;0;0;0
2019-02-14 01:18:01;20.237664937973;0;0;0;19;0;0;0
2019-02-14 01:19:01;20.074599027634;0;0;0;19;0;0;0
2019-02-14 01:20:02;20.213136911392;0;0;0;19;0;0;0
2019-02-14 01:21:01;20.194689035416;0;0;0;19;0;0;0
2019-02-14 01:22:01;20.247215986252;0;0;0;19;0;0;0
2019-02-14 01:23:01;20.215406179428;0;0;0;19;0;0;0
2019-02-14 01:24:01;20.146891832352;0;0;0;19;0;0;0
2019-02-14 01:25:01;21.239886045456;0;0;0;19;0;0;0
2019-02-14 01:26:01;20.254039049149;0;0;0;19;0;0;0
2019-02-14 01:27:01;20.304359912872;0;0;0;19;0;0;0
2019-02-14 01:28:02;23.091059923172;0;0;0;19;0;0;0
2019-02-14 01:29:02;20.294769048691;0;0;0;19;0;0;0
2019-02-14 01:30:02;20.250758886337;0;0;0;19;0;0;0
2019-02-14 01:31:01;20.267585039139;0;0;0;19;0;0;0
2019-02-14 01:32:01;20.263530015945;0;0;0;19;0;0;0
2019-02-14 01:33:01;20.236018180847;0;0;0;19;0;0;0
2019-02-14 01:34:01;20.26894402504;0;0;0;19;0;0;0
2019-02-14 01:35:01;20.059393882751;0;0;0;19;0;0;0
2019-02-14 01:36:01;20.083888053894;0;0;0;19;0;0;0
2019-02-14 01:37:01;20.114873170853;0;0;0;19;0;0;0
2019-02-14 01:38:01;20.248507022858;0;0;0;19;0;0;0
2019-02-14 01:39:01;20.254160165787;0;0;0;19;0;0;0
2019-02-14 01:40:01;20.234275102615;0;0;0;19;0;0;0
2019-02-14 01:41:01;20.108448982239;0;0;0;19;0;0;0
2019-02-14 01:42:01;20.125930070877;0;0;0;19;0;0;0
2019-02-14 01:43:01;20.114639043808;0;0;0;19;0;0;0
2019-02-14 01:44:01;20.056797981262;0;0;0;19;0;0;0
2019-02-14 01:45:01;20.054487943649;0;0;0;19;0;0;0
2019-02-14 01:46:01;20.201425075531;0;0;0;19;0;0;0
2019-02-14 01:47:01;20.18457698822;0;0;0;19;0;0;0
2019-02-14 01:48:02;20.158046007156;0;0;0;19;0;0;0
2019-02-14 01:49:01;20.157832860947;0;0;0;19;0;0;0
2019-02-14 01:50:01;20.152177095413;0;0;0;19;0;0;0
2019-02-14 01:51:01;20.233505010605;0;0;0;19;0;0;0
2019-02-14 01:52:01;20.159133195877;0;0;0;19;0;0;0
2019-02-14 01:53:01;20.169461965561;0;0;0;19;0;0;0
2019-02-14 01:54:01;20.130876064301;0;0;0;19;0;0;0
2019-02-14 01:55:01;20.078240871429;0;0;0;19;0;0;0
2019-02-14 01:56:01;20.136156082153;0;0;0;19;0;0;0
2019-02-14 01:57:01;20.073287010193;0;0;0;19;0;0;0
2019-02-14 01:58:01;20.184163808823;0;0;0;19;0;0;0
2019-02-14 01:59:01;20.226563930511;0;0;0;19;0;0;0
2019-02-14 02:00:01;20.088792085648;0;0;0;19;0;0;0
2019-02-14 02:01:01;20.161252975464;0;0;0;19;0;0;0
2019-02-14 02:02:01;20.233478069305;0;0;0;19;0;0;0
2019-02-14 02:03:01;20.098191976547;0;0;0;19;0;0;0
2019-02-14 02:04:01;20.213103055954;0;0;0;19;0;0;0
2019-02-14 02:05:01;20.060751914978;0;0;0;19;0;0;0
2019-02-14 02:06:01;20.050127029419;0;0;0;19;0;0;0
2019-02-14 02:07:01;20.220322847366;0;0;0;19;0;0;0
2019-02-14 02:08:01;20.086172103882;0;0;0;19;0;0;0
2019-02-14 02:09:01;20.58735704422;0;0;0;19;0;0;0
2019-02-14 02:10:01;20.145624876022;0;0;0;19;0;0;0
2019-02-14 02:11:01;20.077592849731;0;0;0;19;0;0;0
2019-02-14 02:12:01;20.2466609478;0;0;0;19;0;0;0
2019-02-14 02:13:01;20.221511125565;0;0;0;19;0;0;0
2019-02-14 02:14:02;20.139137983322;0;0;0;19;0;0;0
2019-02-14 02:15:01;20.041200876236;0;0;0;19;0;0;0
2019-02-14 02:16:01;20.246123075485;0;0;0;19;0;0;0
2019-02-14 02:17:02;20.245994091034;0;0;0;19;0;0;0
2019-02-14 02:18:01;20.151654958725;0;0;0;19;0;0;0
2019-02-14 02:19:02;20.106549978256;0;0;0;19;0;0;0
2019-02-14 02:20:01;20.184788942337;0;0;0;19;0;0;0
2019-02-14 02:21:01;20.259219169617;0;0;0;19;0;0;0
2019-02-14 02:22:01;20.091255187988;0;0;0;19;0;0;0
2019-02-14 02:23:01;20.156841993332;0;0;0;19;0;0;0
2019-02-14 02:24:01;20.200999975204;0;0;0;19;0;0;0
2019-02-14 02:25:01;20.256837844849;0;0;0;19;0;0;0
2019-02-14 02:26:01;20.135697126389;0;0;0;19;0;0;0
2019-02-14 02:27:01;20.257260084152;0;0;0;19;0;0;0
2019-02-14 02:28:01;20.089107036591;0;0;0;19;0;0;0
2019-02-14 02:29:01;20.05396604538;0;0;0;19;0;0;0
2019-02-14 02:30:01;20.226477861404;0;0;0;19;0;0;0
2019-02-14 02:31:01;20.049884080887;0;0;0;19;0;0;0
2019-02-14 02:32:01;20.122216939926;0;0;0;19;0;0;0
2019-02-14 02:33:01;20.129947900772;0;0;0;19;0;0;0
2019-02-14 02:34:01;20.227876901627;0;0;0;19;0;0;0
2019-02-14 02:35:01;20.245315074921;0;0;0;19;0;0;0
2019-02-14 02:36:01;20.057312011719;0;0;0;19;0;0;0
2019-02-14 02:37:01;20.098847150803;0;0;0;19;0;0;0
2019-02-14 02:38:02;20.095762014389;0;0;0;19;0;0;0
2019-02-14 02:39:01;20.223065137863;0;0;0;19;0;0;0
2019-02-14 02:40:01;20.086457967758;0;0;0;19;0;0;0
2019-02-14 02:41:01;20.244156122208;0;0;0;19;0;0;0
2019-02-14 02:42:01;20.105127096176;0;0;0;19;0;0;0
2019-02-14 02:43:01;20.206781864166;0;0;0;19;0;0;0
2019-02-14 02:44:01;20.202188014984;0;0;0;19;0;0;0
2019-02-14 02:45:01;20.239223003387;0;0;0;19;0;0;0
2019-02-14 02:46:01;20.27454996109;0;0;0;19;0;0;0
2019-02-14 02:47:01;20.240164041519;0;0;0;19;0;0;0
2019-02-14 02:48:01;20.265603065491;0;0;0;19;0;0;0
2019-02-14 02:49:01;20.152737855911;0;0;0;19;0;0;0
2019-02-14 02:50:01;20.168539047241;0;0;0;19;0;0;0
2019-02-14 02:51:01;20.175990104675;0;0;0;19;0;0;0
2019-02-14 02:52:01;20.26819896698;0;0;0;19;0;0;0
2019-02-14 02:53:02;20.230648994446;0;0;0;19;0;0;0
2019-02-14 02:54:02;20.257657051086;0;0;0;19;0;0;0
2019-02-14 02:55:01;20.067524909973;0;0;0;19;0;0;0
2019-02-14 02:56:01;20.234213113785;0;0;0;19;0;0;0
2019-02-14 02:57:01;20.248574972153;0;0;0;19;0;0;0
2019-02-14 02:58:01;20.125537872314;0;0;0;19;0;0;0
2019-02-14 02:59:01;20.110127210617;0;0;0;19;0;0;0
2019-02-14 03:00:01;20.15850186348;0;0;0;19;0;0;0
2019-02-14 03:01:01;20.237999916077;0;0;0;19;0;0;0
2019-02-14 03:02:01;20.23214507103;0;0;0;19;0;0;0
2019-02-14 03:03:01;20.065231084824;0;0;0;19;0;0;0
2019-02-14 03:04:01;20.078711032867;0;0;0;19;0;0;0
2019-02-14 03:05:01;20.238094091415;0;0;0;19;0;0;0
2019-02-14 03:06:01;20.222842931747;0;0;0;19;0;0;0
2019-02-14 03:07:01;20.263180017471;0;0;0;19;0;0;0
2019-02-14 03:08:01;20.228371143341;0;0;0;19;0;0;0
2019-02-14 03:09:01;36.037385940552;0;0;0;0;0;0;0
2019-02-14 03:10:01;78.070513010025;0;0;0;0;0;0;0
2019-02-14 03:12:01;18.941103935242;0;0;0;19;0;0;0
2019-02-14 03:11:02;78.068498849869;0;0;0;0;0;0;0
2019-02-14 03:13:02;21.490891218185;0;0;0;19;0;0;0
2019-02-14 03:14:01;20.263034105301;0;0;0;19;0;0;0
2019-02-14 03:15:01;20.241842985153;0;0;0;19;0;0;0
2019-02-14 03:16:01;20.15261888504;0;0;0;19;0;0;0
2019-02-14 03:17:01;20.111588001251;0;0;0;19;0;0;0
2019-02-14 03:18:01;20.184022903442;0;0;0;19;0;0;0
2019-02-14 03:19:01;20.250154018402;0;0;0;19;0;0;0
2019-02-14 03:20:01;20.250804901123;0;0;0;19;0;0;0
2019-02-14 03:21:01;20.171522855759;0;0;0;19;0;0;0
2019-02-14 03:22:01;20.252095937729;0;0;0;19;0;0;0
2019-02-14 03:23:01;20.125841140747;0;0;0;19;0;0;0
2019-02-14 03:24:01;20.280087947845;0;0;0;19;0;0;0
2019-02-14 03:25:01;20.071443080902;0;0;0;19;0;0;0
2019-02-14 03:26:01;20.09720492363;0;0;0;19;0;0;0
2019-02-14 03:27:01;20.243273973465;0;0;0;19;0;0;0
2019-02-14 03:28:02;20.180577993393;0;0;0;19;0;0;0
2019-02-14 03:29:01;20.163259983063;0;0;0;19;0;0;0
2019-02-14 03:30:01;20.289468050003;0;0;0;19;0;0;0
2019-02-14 03:31:01;20.266796827316;0;0;0;19;0;0;0
2019-02-14 03:32:02;20.268857955933;0;0;0;19;0;0;0
2019-02-14 03:33:02;20.273754835129;0;0;0;19;0;0;0
2019-02-14 03:34:01;20.249336957932;0;0;0;19;0;0;0
2019-02-14 03:35:01;20.253467082977;0;0;0;19;0;0;0
2019-02-14 03:36:01;20.194447040558;0;0;0;19;0;0;0
2019-02-14 03:37:01;20.062690019608;0;0;0;19;0;0;0
2019-02-14 03:38:02;20.243890047073;0;0;0;19;0;0;0
2019-02-14 03:39:02;20.203137159348;0;0;0;19;0;0;0
2019-02-14 03:40:01;20.202399969101;0;0;0;19;0;0;0
2019-02-14 03:41:01;20.233765125275;0;0;0;19;0;0;0
2019-02-14 03:42:01;20.221183776855;0;0;0;19;0;0;0
2019-02-14 03:43:01;20.186013936996;0;0;0;19;0;0;0
2019-02-14 03:44:01;20.269701957703;0;0;0;19;0;0;0
2019-02-14 03:45:01;20.096328020096;0;0;0;19;0;0;0
2019-02-14 03:46:01;20.12141919136;0;0;0;19;0;0;0
2019-02-14 03:47:01;20.174932003021;0;0;0;19;0;0;0
2019-02-14 03:48:02;20.05246090889;0;0;0;19;0;0;0
2019-02-14 03:49:01;20.249163150787;0;0;0;19;0;0;0
2019-02-14 03:50:01;20.123373031616;0;0;0;19;0;0;0
2019-02-14 03:51:01;20.107086181641;0;0;0;19;0;0;0
2019-02-14 03:52:01;21.268248081207;0;0;0;19;0;0;0
2019-02-14 03:53:02;20.251827955246;0;0;0;19;0;0;0
2019-02-14 03:54:01;20.271319150925;0;0;0;19;0;0;0
2019-02-14 03:55:01;20.2472448349;0;0;0;19;0;0;0
2019-02-14 03:56:01;20.233201026917;0;0;0;19;0;0;0
2019-02-14 03:57:01;20.157150030136;0;0;0;19;0;0;0
2019-02-14 03:58:02;20.252953052521;0;0;0;19;0;0;0
2019-02-14 03:59:01;20.23401594162;0;0;0;19;0;0;0
2019-02-14 04:00:01;20.091879844666;0;0;0;19;0;0;0
2019-02-14 04:01:01;21.282403945923;0;0;0;19;0;0;0
2019-02-14 04:02:01;20.263710975647;0;0;0;19;0;0;0
2019-02-14 04:03:01;20.178665161133;0;0;0;19;0;0;0
2019-02-14 04:04:01;20.093575000763;0;0;0;19;0;0;0
2019-02-14 04:05:01;20.280020952225;0;0;0;19;0;0;0
2019-02-14 04:06:01;20.270139932632;0;0;0;19;0;0;0
2019-02-14 04:07:01;20.19010591507;0;0;0;19;0;0;0
2019-02-14 04:08:01;20.093571901321;0;0;0;19;0;0;0
2019-02-14 04:09:01;20.255877017975;0;0;0;19;0;0;0
2019-02-14 04:10:01;20.2769510746;0;0;0;19;0;0;0
2019-02-14 04:11:01;20.179499864578;0;0;0;19;0;0;0
2019-02-14 04:12:01;20.072840929031;0;0;0;19;0;0;0
2019-02-14 04:13:02;20.24268913269;0;0;0;19;0;0;0
2019-02-14 04:14:01;20.241255998611;0;0;0;19;0;0;0
2019-02-14 04:15:01;20.096539020538;0;0;0;19;0;0;0
2019-02-14 04:16:01;20.608011960983;0;0;0;19;0;0;0
2019-02-14 04:17:01;20.252132177353;0;0;0;19;0;0;0
2019-02-14 04:18:01;21.0756919384;0;0;0;19;0;0;0
2019-02-14 04:19:02;20.18766784668;0;0;0;19;0;0;0
2019-02-14 04:20:01;20.101505994797;0;0;0;19;0;0;0
2019-02-14 04:21:01;20.225551128387;0;0;0;19;0;0;0
2019-02-14 04:22:01;20.058037042618;0;0;0;19;0;0;0
2019-02-14 04:23:02;20.142138957977;0;0;0;19;0;0;0
2019-02-14 04:24:01;20.263502120972;0;0;0;19;0;0;0
2019-02-14 04:25:01;20.12433218956;0;0;0;19;0;0;0
2019-02-14 04:26:01;20.2782330513;0;0;0;19;0;0;0
2019-02-14 04:27:01;20.26676607132;0;0;0;19;0;0;0
2019-02-14 04:28:01;20.220422029495;0;0;0;19;0;0;0
2019-02-14 04:29:01;20.147722959518;0;0;0;19;0;0;0
2019-02-14 04:30:01;20.154736995697;0;0;0;19;0;0;0
2019-02-14 04:31:01;20.074181079865;0;0;0;19;0;0;0
2019-02-14 04:32:01;20.266510009766;0;0;0;19;0;0;0
2019-02-14 04:33:01;20.104068994522;0;0;0;19;0;0;0
2019-02-14 04:34:01;20.213567018509;0;0;0;19;0;0;0
2019-02-14 04:35:01;20.176667928696;0;0;0;19;0;0;0
2019-02-14 04:36:01;20.278160095215;0;0;0;19;0;0;0
2019-02-14 04:37:01;20.099018096924;0;0;0;19;0;0;0
2019-02-14 04:38:01;20.137329101562;0;0;0;19;0;0;0
2019-02-14 04:39:01;20.11125087738;0;0;0;19;0;0;0
2019-02-14 04:40:01;20.07076215744;0;0;0;19;0;0;0
2019-02-14 04:41:01;20.259055137634;0;0;0;19;0;0;0
2019-02-14 04:42:01;20.048186063766;0;0;0;19;0;0;0
2019-02-14 04:43:01;20.185219049454;0;0;0;19;0;0;0
2019-02-14 04:44:01;20.234536886215;0;0;0;19;0;0;0
2019-02-14 04:45:01;20.519579172134;0;0;0;19;0;0;0
2019-02-14 04:46:01;20.091509103775;0;0;0;19;0;0;0
2019-02-14 04:47:01;20.190286874771;0;0;0;19;0;0;0
2019-02-14 04:48:01;20.24517583847;0;0;0;19;0;0;0
2019-02-14 04:49:01;21.217964172363;0;0;0;19;0;0;0
2019-02-14 04:50:01;20.094628095627;0;0;0;19;0;0;0
2019-02-14 04:51:01;20.209495067596;0;0;0;19;0;0;0
2019-02-14 04:52:01;20.087441921234;0;0;0;19;0;0;0
2019-02-14 04:53:01;20.098217010498;0;0;0;19;0;0;0
2019-02-14 04:54:01;20.274949073792;0;0;0;19;0;0;0
2019-02-14 04:55:01;20.16037607193;0;0;0;19;0;0;0
2019-02-14 04:56:01;20.23138999939;0;0;0;19;0;0;0
2019-02-14 04:57:02;20.272042989731;0;0;0;19;0;0;0
2019-02-14 04:58:01;20.286669969559;0;0;0;19;0;0;0
2019-02-14 04:59:01;20.306524038315;0;0;0;19;0;0;0
2019-02-14 05:00:01;20.217978954315;0;0;0;19;0;0;0
2019-02-14 05:01:01;20.113315105438;0;0;0;19;0;0;0
2019-02-14 05:02:01;20.097687959671;0;0;0;19;0;0;0
2019-02-14 05:03:01;20.235100984573;0;0;0;19;0;0;0
2019-02-14 05:04:01;20.2475669384;0;0;0;19;0;0;0
2019-02-14 05:05:01;20.116994142532;0;0;0;19;0;0;0
2019-02-14 05:06:01;20.189275979996;0;0;0;19;0;0;0
2019-02-14 05:07:01;20.106261968613;0;0;0;19;0;0;0
2019-02-14 05:08:01;20.071996212006;0;0;0;19;0;0;0
2019-02-14 05:09:01;20.168068885803;0;0;0;19;0;0;0
2019-02-14 05:10:01;20.084898948669;0;0;0;19;0;0;0
2019-02-14 05:11:01;20.060374975204;0;0;0;19;0;0;0
2019-02-14 05:12:01;20.25509095192;0;0;0;19;0;0;0
2019-02-14 05:13:02;20.226328849792;0;0;0;19;0;0;0
2019-02-14 05:14:02;20.295424222946;0;0;0;19;0;0;0
2019-02-14 05:15:01;20.103332996368;0;0;0;19;0;0;0
2019-02-14 05:16:01;20.070463180542;0;0;0;19;0;0;0
2019-02-14 05:17:01;20.518744945526;0;0;0;19;0;0;0
2019-02-14 05:18:01;20.273286104202;0;0;0;19;0;0;0
2019-02-14 05:19:02;20.253714084625;0;0;0;19;0;0;0
2019-02-14 05:20:01;20.146212100983;0;0;0;19;0;0;0
2019-02-14 05:21:01;20.218535900116;0;0;0;19;0;0;0
2019-02-14 05:22:01;20.164167165756;0;0;0;19;0;0;0
2019-02-14 05:23:01;20.199547052383;0;0;0;19;0;0;0
2019-02-14 05:24:02;20.230669021606;0;0;0;19;0;0;0
2019-02-14 05:25:01;20.229269981384;0;0;0;19;0;0;0
2019-02-14 05:26:02;20.236513137817;0;0;0;19;0;0;0
2019-02-14 05:27:02;20.219855070114;0;0;0;19;0;0;0
2019-02-14 05:28:02;20.219705820084;0;0;0;19;0;0;0
2019-02-14 05:29:02;20.165852069855;0;0;0;19;0;0;0
2019-02-14 05:30:01;20.119193792343;0;0;0;19;0;0;0
2019-02-14 05:31:02;20.275310993195;0;0;0;19;0;0;0
2019-02-14 05:32:02;20.291387081146;0;0;0;19;0;0;0
2019-02-14 05:33:02;20.212673902512;0;0;0;19;0;0;0
2019-02-14 05:34:01;20.050132989883;0;0;0;19;0;0;0
2019-02-14 05:35:01;20.042032957077;0;0;0;19;0;0;0
2019-02-14 05:36:01;20.100999116898;0;0;0;19;0;0;0
2019-02-14 05:37:01;20.087425947189;0;0;0;19;0;0;0
2019-02-14 05:38:01;20.258666992188;0;0;0;19;0;0;0
2019-02-14 05:39:01;20.08958697319;0;0;0;19;0;0;0
2019-02-14 05:40:01;20.074041128159;0;0;0;19;0;0;0
2019-02-14 05:41:01;20.208024024963;0;0;0;19;0;0;0
2019-02-14 05:42:01;20.069408893585;0;0;0;19;0;0;0
2019-02-14 05:43:01;20.220233917236;0;0;0;19;0;0;0
2019-02-14 05:44:01;20.244158029556;0;0;0;19;0;0;0
2019-02-14 05:45:01;20.277549982071;0;0;0;19;0;0;0
2019-02-14 05:46:01;20.089064121246;0;0;0;19;0;0;0
2019-02-14 05:47:01;20.231934070587;0;0;0;19;0;0;0
2019-02-14 05:48:01;20.116662025452;0;0;0;19;0;0;0
2019-02-14 05:49:01;20.168699979782;0;0;0;19;0;0;0
2019-02-14 05:50:01;20.238532066345;0;0;0;19;0;0;0
2019-02-14 05:51:01;20.258569002151;0;0;0;19;0;0;0
2019-02-14 05:52:01;20.263677120209;0;0;0;19;0;0;0
2019-02-14 05:53:01;20.107341051102;0;0;0;19;0;0;0
2019-02-14 05:54:01;20.168763875961;0;0;0;19;0;0;0
2019-02-14 05:55:01;20.22550201416;0;0;0;19;0;0;0
2019-02-14 05:56:01;20.269830942154;0;0;0;19;0;0;0
2019-02-14 05:57:01;20.216780900955;0;0;0;19;0;0;0
2019-02-14 05:58:01;20.239102840424;0;0;0;19;0;0;0
2019-02-14 05:59:02;20.252866983414;0;0;0;19;0;0;0
2019-02-14 06:00:01;20.179909944534;0;0;0;19;0;0;0
2019-02-14 06:01:01;20.167615890503;0;0;0;19;0;0;0
2019-02-14 06:02:01;20.071081161499;0;0;0;19;0;0;0
2019-02-14 06:03:01;20.22683596611;0;0;0;19;0;0;0
2019-02-14 06:04:01;20.083109140396;0;0;0;19;0;0;0
2019-02-14 06:05:01;20.114106893539;0;0;0;19;0;0;0
2019-02-14 06:06:01;20.083911180496;0;0;0;19;0;0;0
2019-02-14 06:07:01;20.191497087479;0;0;0;19;0;0;0
2019-02-14 06:08:01;20.04217505455;0;0;0;19;0;0;0
2019-02-14 06:09:01;20.23814201355;0;0;0;19;0;0;0
2019-02-14 06:10:01;20.263742923737;0;0;0;19;0;0;0
2019-02-14 06:11:01;20.27365398407;0;0;0;19;0;0;0
2019-02-14 06:12:01;20.264083862305;0;0;0;19;0;0;0
2019-02-14 06:13:01;20.145031929016;0;0;0;19;0;0;0
2019-02-14 06:14:01;20.240955114365;0;0;0;19;0;0;0
2019-02-14 06:15:01;20.161039113998;0;0;0;19;0;0;0
2019-02-14 06:16:01;20.243309020996;0;0;0;19;0;0;0
2019-02-14 06:17:02;20.233191013336;0;0;0;19;0;0;0
2019-02-14 06:18:02;20.201648950577;0;0;0;19;0;0;0
2019-02-14 06:19:02;20.081604003906;0;0;0;19;0;0;0
2019-02-14 06:20:01;20.056123018265;0;0;0;19;0;0;0
2019-02-14 06:21:01;20.11111497879;0;0;0;19;0;0;0
2019-02-14 06:22:02;20.224902153015;0;0;0;19;0;0;0
2019-02-14 06:23:01;20.18848490715;0;0;0;19;0;0;0
2019-02-14 06:24:01;20.256235122681;0;0;0;19;0;0;0
2019-02-14 06:25:01;20.100471019745;0;0;0;19;0;0;0
2019-02-14 06:26:01;20.076429128647;0;0;0;19;0;0;0
2019-02-14 06:27:02;20.245382070541;0;0;0;19;0;0;0
2019-02-14 06:28:02;20.272495985031;0;0;0;19;0;0;0
2019-02-14 06:29:01;20.215887069702;0;0;0;19;0;0;0
2019-02-14 06:30:01;20.110900878906;0;0;0;19;0;0;0
2019-02-14 06:31:01;20.103754997253;0;0;0;19;0;0;0
2019-02-14 06:32:01;20.192409038544;0;0;0;19;0;0;0
2019-02-14 06:33:02;20.241943120956;0;0;0;19;0;0;0
2019-02-14 06:34:02;20.115817070007;0;0;0;19;0;0;0
2019-02-14 06:35:01;20.23264503479;0;0;0;19;0;0;0
2019-02-14 06:36:01;20.232945919037;0;0;0;19;0;0;0
2019-02-14 06:37:01;20.077595949173;0;0;0;19;0;0;0
2019-02-14 06:38:02;20.182987928391;0;0;0;19;0;0;0
2019-02-14 06:39:01;20.127348184586;0;0;0;19;0;0;0
2019-02-14 06:40:01;20.095678806305;0;0;0;19;0;0;0
2019-02-14 06:41:01;20.06617307663;0;0;0;19;0;0;0
2019-02-14 06:42:01;20.051470041275;0;0;0;19;0;0;0
2019-02-14 06:43:01;20.039580821991;0;0;0;19;0;0;0
2019-02-14 06:44:01;20.226075172424;0;0;0;19;0;0;0
2019-02-14 06:45:01;20.25533080101;0;0;0;19;0;0;0
2019-02-14 06:46:01;20.228242874146;0;0;0;19;0;0;0
2019-02-14 06:47:01;20.04610991478;0;0;0;19;0;0;0
2019-02-14 06:48:01;20.235702037811;0;0;0;19;0;0;0
2019-02-14 06:49:01;20.06795501709;0;0;0;19;0;0;0
2019-02-14 06:50:01;20.251430988312;0;0;0;19;0;0;0
2019-02-14 06:51:01;20.044604063034;0;0;0;19;0;0;0
2019-02-14 06:52:02;20.110024929047;0;0;0;19;0;0;0
2019-02-14 06:53:01;20.061645030975;0;0;0;19;0;0;0
2019-02-14 06:54:02;20.227863073349;0;0;0;19;0;0;0
2019-02-14 06:55:01;20.24101805687;0;0;0;19;0;0;0
2019-02-14 06:56:01;20.131359100342;0;0;0;19;0;0;0
2019-02-14 06:57:01;20.121531009674;0;0;0;19;0;0;0
2019-02-14 06:58:01;20.229817152023;0;0;0;19;0;0;0
2019-02-14 06:59:01;20.130469083786;0;0;0;19;0;0;0
2019-02-14 07:00:01;20.224025964737;0;0;0;19;0;0;0
2019-02-14 07:01:01;20.099083900452;0;0;0;19;0;0;0
2019-02-14 07:02:01;20.228734970093;0;0;0;19;0;0;0
2019-02-14 07:03:01;20.237617969513;0;0;0;19;0;0;0
2019-02-14 07:04:02;20.046955823898;0;0;0;19;0;0;0
2019-02-14 07:05:01;20.239535808563;0;0;0;19;0;0;0
2019-02-14 07:06:01;20.250538110733;0;0;0;19;0;0;0
2019-02-14 07:07:01;20.259259223938;0;0;0;19;0;0;0
2019-02-14 07:08:02;20.076583862305;0;0;0;19;0;0;0
2019-02-14 07:09:01;20.051243066788;0;0;0;19;0;0;0
2019-02-14 07:10:01;20.14987206459;0;0;0;19;0;0;0
2019-02-14 07:11:01;20.142185926437;0;0;0;19;0;0;0
2019-02-14 07:12:01;20.260578155518;0;0;0;19;0;0;0
2019-02-14 07:13:02;20.195329904556;0;0;0;19;0;0;0
2019-02-14 07:14:01;20.07327914238;0;0;0;19;0;0;0
2019-02-14 07:15:02;20.267055034637;0;0;0;19;0;0;0
2019-02-14 07:16:01;20.06347990036;0;0;0;19;0;0;0
2019-02-14 07:17:01;20.089597940445;0;0;0;19;0;0;0
2019-02-14 07:18:01;20.255774974823;0;0;0;19;0;0;0
2019-02-14 07:19:01;20.245039224625;0;0;0;19;0;0;0
2019-02-14 07:20:01;20.06593298912;0;0;0;19;0;0;0
2019-02-14 07:21:01;20.087969064713;0;0;0;19;0;0;0
2019-02-14 07:22:01;20.140506982803;0;0;0;19;0;0;0
2019-02-14 07:23:01;20.178863048553;0;0;0;19;0;0;0
2019-02-14 07:24:01;20.230479001999;0;0;0;19;0;0;0
2019-02-14 07:25:01;20.232446908951;0;0;0;19;0;0;0
2019-02-14 07:26:01;20.233928918839;0;0;0;19;0;0;0
2019-02-14 07:27:01;20.07123208046;0;0;0;19;0;0;0
2019-02-14 07:28:01;20.200314998627;0;0;0;19;0;0;0
2019-02-14 07:29:01;20.13344502449;0;0;0;19;0;0;0
2019-02-14 07:30:01;20.089797019958;0;0;0;19;0;0;0
2019-02-14 07:31:01;20.086853027344;0;0;0;19;0;0;0
2019-02-14 07:32:01;20.133808135986;0;0;0;19;0;0;0
2019-02-14 07:33:01;20.304986000061;0;0;0;19;0;0;0
2019-02-14 07:34:02;20.149312019348;0;0;0;19;0;0;0
2019-02-14 07:35:01;20.169754981995;0;0;0;19;0;0;0
2019-02-14 07:36:01;20.195204973221;0;0;0;19;0;0;0
2019-02-14 07:37:01;20.112152099609;0;0;0;19;0;0;0
2019-02-14 07:38:01;20.116060018539;0;0;0;19;0;0;0
2019-02-14 07:39:01;20.116334915161;0;0;0;19;0;0;0
2019-02-14 07:40:01;20.212799787521;0;0;0;19;0;0;0
2019-02-14 07:41:01;20.208468198776;0;0;0;19;0;0;0
2019-02-14 07:42:01;20.205405950546;0;0;0;19;0;0;0
2019-02-14 07:43:02;20.235321998596;0;0;0;19;0;0;0
2019-02-14 07:44:01;20.12380194664;0;0;0;19;0;0;0
2019-02-14 07:45:02;20.062236785889;0;0;0;19;0;0;0
2019-02-14 07:46:01;20.215364933014;0;0;0;19;0;0;0
2019-02-14 07:47:01;20.234142065048;0;0;0;19;0;0;0
2019-02-14 07:48:01;20.224908828735;0;0;0;19;0;0;0
2019-02-14 07:49:01;20.215980052948;0;0;0;19;0;0;0
2019-02-14 07:50:02;20.191615104675;0;0;0;19;0;0;0
2019-02-14 07:51:01;20.193428993225;0;0;0;19;0;0;0
2019-02-14 07:52:02;20.08632683754;0;0;0;19;0;0;0
2019-02-14 07:53:01;20.032130002975;0;0;0;19;0;0;0
2019-02-14 07:54:01;20.087413072586;0;0;0;19;0;0;0
2019-02-14 07:55:01;20.082799196243;0;0;0;19;0;0;0
2019-02-14 07:56:01;20.15610909462;0;0;0;19;0;0;0
2019-02-14 07:57:01;20.06369304657;0;0;0;19;0;0;0
2019-02-14 07:58:01;20.047070980072;0;0;0;19;0;0;0
2019-02-14 07:59:01;20.046789884567;0;0;0;19;0;0;0
2019-02-14 08:00:02;20.235599994659;0;0;0;19;0;0;0
2019-02-14 08:01:01;20.100867986679;0;0;0;19;0;0;0
2019-02-14 08:02:01;20.242389917374;0;0;0;19;0;0;0
2019-02-14 08:03:01;20.231878042221;0;0;0;19;0;0;0
2019-02-14 08:04:01;20.237506151199;0;0;0;19;0;0;0
2019-02-14 08:05:01;20.161455869675;0;0;0;19;0;0;0
2019-02-14 08:06:02;20.136062145233;0;0;0;19;0;0;0
2019-02-14 08:07:01;20.091822147369;0;0;0;18;0;0;0
2019-02-14 08:08:01;20.268009901047;0;0;0;18;0;0;0
2019-02-14 08:09:01;20.207129001617;0;0;0;17;0;0;0
2019-02-14 08:10:01;20.052331209183;0;0;0;17;0;0;0
2019-02-14 08:11:01;20.215509176254;0;0;0;17;0;0;0
2019-02-14 08:12:02;20.23435997963;0;0;0;17;0;0;0
2019-02-14 08:13:01;20.083638191223;0;0;0;17;0;0;0
2019-02-14 08:14:01;20.196460962296;0;0;0;17;0;0;0
2019-02-14 08:15:01;20.205364942551;0;0;0;17;0;0;0
2019-02-14 08:16:01;20.221254825592;0;0;0;17;0;0;0
2019-02-14 08:17:01;20.231221914291;0;0;0;17;0;0;0
2019-02-14 08:18:01;20.227521896362;0;0;0;17;0;0;0
2019-02-14 08:19:01;20.225425004959;0;0;0;17;0;0;0
2019-02-14 08:20:01;20.238321065903;0;0;0;17;0;0;0
2019-02-14 08:21:01;20.263391971588;0;0;0;17;0;0;0
2019-02-14 08:22:01;20.053812026978;0;0;0;17;0;0;0
2019-02-14 08:23:01;20.181711912155;0;0;0;17;0;0;0
2019-02-14 08:24:01;20.077524185181;0;0;0;18;0;0;0
2019-02-14 08:25:01;20.229373931885;0;0;0;17;0;0;0
2019-02-14 08:26:01;20.23873591423;0;0;0;18;0;0;0
2019-02-14 08:27:01;20.158770084381;0;0;0;18;0;0;0
2019-02-14 08:28:01;20.081432104111;0;0;0;18;0;0;0
2019-02-14 08:29:01;20.141628026962;0;0;0;18;0;0;0
2019-02-14 08:30:02;20.201109170914;0;0;0;18;0;0;0
2019-02-14 08:31:01;20.101264953613;0;0;0;18;0;0;0
2019-02-14 08:32:02;20.095175981522;0;0;0;18;0;0;0
2019-02-14 08:33:01;20.184247016907;0;0;0;18;0;0;0
2019-02-14 08:34:01;20.246625900269;0;0;0;18;0;0;0
2019-02-14 08:35:01;20.164861917496;0;0;0;18;0;0;0
2019-02-14 08:36:01;20.059632062912;0;0;0;18;0;0;0
2019-02-14 08:37:01;20.032706975937;0;0;0;18;0;0;0
2019-02-14 08:38:01;20.087543964386;0;0;0;18;0;0;0
2019-02-14 08:39:01;20.0755879879;0;0;0;18;0;0;0
2019-02-14 08:40:01;20.075180053711;0;0;0;18;0;0;0
2019-02-14 08:41:01;20.211669921875;0;0;0;18;0;0;0
2019-02-14 08:42:01;20.046798944473;0;0;0;18;0;0;0
2019-02-14 08:43:02;20.219982862473;0;0;0;18;0;0;0
2019-02-14 08:44:01;20.064954042435;0;0;0;18;0;0;0
2019-02-14 08:45:01;20.192940950394;0;0;0;18;0;0;0
2019-02-14 08:46:02;20.222051858902;0;0;0;18;0;0;0
2019-02-14 08:47:01;20.232846975327;0;0;0;18;0;0;0
2019-02-14 08:48:01;20.222259998322;0;0;0;18;0;0;0
2019-02-14 08:49:01;20.04504609108;0;0;0;18;0;0;0
2019-02-14 08:50:01;20.189829111099;0;0;0;18;0;0;0
2019-02-14 08:51:01;20.227610111237;0;0;0;18;0;0;0
2019-02-14 08:52:01;20.235512971878;0;0;0;18;0;0;0
2019-02-14 08:53:01;20.213294029236;0;0;0;18;0;0;0
2019-02-14 08:54:01;20.070815086365;0;0;0;18;0;0;0
2019-02-14 08:55:01;20.119570970535;0;0;0;19;0;0;0
2019-02-14 08:56:01;20.238831043243;0;0;0;18;0;0;0
2019-02-14 08:57:01;20.069068908691;0;0;0;18;0;0;0
2019-02-14 08:58:01;20.093687057495;0;0;0;19;0;0;0
2019-02-14 08:59:01;20.230340957642;0;0;0;18;0;0;0
2019-02-14 09:00:01;20.232534885406;0;0;0;18;0;0;0
2019-02-14 09:01:02;20.174669027328;0;0;0;18;0;0;0
2019-02-14 09:02:01;20.145641088486;0;0;0;19;0;0;0
2019-02-14 09:03:01;20.100373029709;0;0;0;19;0;0;0
2019-02-14 09:04:01;20.063935995102;0;0;0;19;0;0;0
2019-02-14 09:05:01;20.231056213379;0;0;0;19;0;0;0
2019-02-14 09:06:02;20.17818903923;0;0;0;19;0;0;0
2019-02-14 09:07:01;20.244117975235;0;0;0;19;0;0;0
2019-02-14 09:08:01;20.154589891434;0;0;0;19;0;0;0
2019-02-14 09:09:01;20.074936151505;0;0;0;19;0;0;0
2019-02-14 09:10:02;20.208171129227;0;0;0;19;0;0;0
2019-02-14 09:11:01;20.21710896492;0;0;0;19;0;0;0
2019-02-14 09:12:01;20.156172037125;0;0;0;19;0;0;0
2019-02-14 09:13:01;20.201984167099;0;0;0;19;0;0;0
2019-02-14 09:14:01;20.235903024673;0;0;0;19;0;0;0
2019-02-14 09:15:01;20.105623006821;0;0;0;19;0;0;0
2019-02-14 09:16:01;20.259278059006;0;0;0;19;0;0;0
2019-02-14 09:17:01;20.22088098526;0;0;0;19;0;0;0
2019-02-14 09:18:01;20.21159696579;0;0;0;19;0;0;0
2019-02-14 09:19:02;20.166868925095;0;0;0;19;0;0;0
2019-02-14 09:20:01;20.046111106873;0;0;0;19;0;0;0
2019-02-14 09:21:01;20.058368206024;0;0;0;19;0;0;0
2019-02-14 09:22:01;20.212339162827;0;0;0;19;0;0;0
2019-02-14 09:23:01;20.228698968887;0;0;0;19;0;0;0
2019-02-14 09:24:01;20.147933006287;0;0;0;19;0;0;0
2019-02-14 09:25:01;20.203008890152;0;0;0;19;0;0;0
2019-02-14 09:26:01;20.190835952759;0;0;0;19;0;0;0
2019-02-14 09:27:01;20.233986854553;0;0;0;19;0;0;0
2019-02-14 09:28:02;20.18625497818;0;0;0;19;0;0;0
2019-02-14 09:29:01;20.077405929565;0;0;0;19;0;0;0
2019-02-14 09:30:01;20.176800966263;0;0;0;19;0;0;0
2019-02-14 09:31:01;20.13765001297;0;0;0;19;0;0;0
2019-02-14 09:32:01;20.181457042694;0;0;0;19;0;0;0
2019-02-14 09:33:01;20.178401947021;0;0;0;19;0;0;0
2019-02-14 09:34:01;20.191541194916;0;0;0;19;0;0;0
2019-02-14 09:35:01;20.06258893013;0;0;0;19;0;0;0
2019-02-14 09:36:01;20.198268890381;0;0;0;19;0;0;0
2019-02-14 09:37:02;20.221704959869;0;0;0;19;0;0;0
2019-02-14 09:38:01;20.168615818024;0;0;0;19;0;0;0
2019-02-14 09:39:01;20.25599694252;0;0;0;19;0;0;0
2019-02-14 09:40:01;20.223182916641;0;0;0;19;0;0;0
2019-02-14 09:41:02;20.056332826614;0;0;0;19;0;0;0
2019-02-14 09:42:01;20.135375022888;0;0;0;19;0;0;0
2019-02-14 09:43:01;20.224595069885;0;0;0;19;0;0;0
2019-02-14 09:44:01;20.256977081299;0;0;0;19;0;0;0
2019-02-14 09:45:01;20.070848941803;0;0;0;19;0;0;0
2019-02-14 09:46:01;20.100151062012;0;0;0;19;0;0;0
2019-02-14 09:47:01;20.378375053406;0;0;0;19;0;0;0
2019-02-14 09:48:01;20.2255859375;0;0;0;19;0;0;0
2019-02-14 09:49:01;20.225775957108;0;0;0;19;0;0;0
2019-02-14 09:50:01;20.118777036667;0;0;0;19;0;0;0
2019-02-14 09:51:01;20.112934827805;0;0;0;19;0;0;0
2019-02-14 09:52:01;20.14355301857;0;0;0;19;0;0;0
2019-02-14 09:53:01;20.108456134796;0;0;0;19;0;0;0
2019-02-14 09:54:01;20.227811098099;0;0;0;19;0;0;0
2019-02-14 09:55:02;20.184336900711;0;0;0;19;0;0;0
2019-02-14 09:56:01;20.176245927811;0;0;0;19;0;0;0
2019-02-14 09:57:01;20.235538959503;0;0;0;19;0;0;0
2019-02-14 09:58:01;20.24552989006;0;0;0;19;0;0;0
2019-02-14 09:59:01;20.04391002655;0;0;0;19;0;0;0
2019-02-14 10:00:01;20.143512964249;0;0;0;19;0;0;0
2019-02-14 10:01:01;20.05987906456;0;0;0;19;0;0;0
2019-02-14 10:02:01;20.08638715744;0;0;0;19;0;0;0
2019-02-14 10:03:01;20.223878860474;0;0;0;19;0;0;0
2019-02-14 10:04:01;20.086075782776;0;0;0;19;0;0;0
2019-02-14 10:05:02;20.112149953842;0;0;0;19;0;0;0
2019-02-14 10:06:01;20.092164039612;0;0;0;19;0;0;0
2019-02-14 10:07:01;20.09118103981;0;0;0;19;0;0;0
2019-02-14 10:08:01;20.200688838959;0;0;0;19;0;0;0
2019-02-14 10:09:01;20.06828379631;0;0;0;19;0;0;0
2019-02-14 10:10:02;20.130892038345;0;0;0;19;0;0;0
2019-02-14 10:11:01;20.236974000931;0;0;0;19;0;0;0
2019-02-14 10:12:01;20.157737016678;0;0;0;19;0;0;0
2019-02-14 10:13:01;20.229837179184;0;0;0;19;0;0;0
2019-02-14 10:14:01;20.204526901245;0;0;0;19;0;0;0
2019-02-14 10:15:01;20.264757871628;0;0;0;19;0;0;0
2019-02-14 10:16:01;20.046024084091;0;0;0;19;0;0;0
2019-02-14 10:17:02;20.285350799561;0;0;0;19;0;0;0
2019-02-14 10:18:01;20.229603052139;0;0;0;19;0;0;0
2019-02-14 10:19:01;20.115906000137;0;0;0;19;0;0;0
2019-02-14 10:20:01;20.67338180542;0;0;0;19;0;0;0
2019-02-14 10:21:01;20.228118181229;0;0;0;19;0;0;0
2019-02-14 10:22:01;20.100072145462;0;0;0;19;0;0;0
2019-02-14 10:23:01;20.203777074814;0;0;0;19;0;0;0
2019-02-14 10:24:01;21.51673412323;0;0;0;19;0;0;0
2019-02-14 10:25:01;20.387218952179;0;0;0;19;0;0;0
2019-02-14 10:26:01;20.554312944412;0;0;0;19;0;0;0
2019-02-14 10:27:01;21.044903993607;0;0;0;19;0;0;0
2019-02-14 10:28:02;20.699522018433;0;0;0;19;0;0;0
2019-02-14 10:29:01;20.441133975983;0;0;0;19;0;0;0
2019-02-14 10:30:01;20.443598031998;0;0;0;19;0;0;0
2019-02-14 10:31:01;20.708657979965;0;0;0;19;0;0;0
2019-02-14 10:32:01;21.504856824875;0;0;0;19;0;0;0
2019-02-14 10:33:01;20.035336971283;0;0;0;19;0;0;0
2019-02-14 10:34:02;20.22231388092;0;0;0;19;0;0;0
2019-02-14 10:35:01;21.159196138382;0;0;0;19;0;0;0
2019-02-14 10:36:01;20.132806777954;0;0;0;19;0;0;0
2019-02-14 10:37:01;20.257612943649;0;0;0;19;0;0;0
2019-02-14 10:38:02;20.233008861542;0;0;0;19;0;0;0
2019-02-14 10:39:01;20.22595000267;0;0;0;19;0;0;0
2019-02-14 10:40:01;20.268704891205;0;0;0;19;0;0;0
2019-02-14 10:41:01;20.059536933899;0;0;0;19;0;0;0
2019-02-14 10:42:02;20.092094898224;0;0;0;19;0;0;0
2019-02-14 10:43:01;20.230633020401;0;0;0;19;0;0;0
2019-02-14 10:44:02;20.222964048386;0;0;0;19;0;0;0
2019-02-14 10:45:01;20.097465991974;0;0;0;19;0;0;0
2019-02-14 10:46:01;20.224930047989;0;0;0;19;0;0;0
2019-02-14 10:47:01;20.096590995789;0;0;0;19;0;0;0
2019-02-14 10:48:01;20.196006774902;0;0;0;19;0;0;0
2019-02-14 10:49:01;20.101060152054;0;0;0;19;0;0;0
2019-02-14 10:50:01;20.105576038361;0;0;0;19;0;0;0
2019-02-14 10:51:01;20.053148984909;0;0;0;19;0;0;0
2019-02-14 10:52:01;20.185732126236;0;0;0;19;0;0;0
2019-02-14 10:53:01;20.17298412323;0;0;0;19;0;0;0
2019-02-14 10:54:01;20.111742973328;0;0;0;19;0;0;0
2019-02-14 10:55:01;20.236986160278;0;0;0;19;0;0;0
2019-02-14 10:56:01;20.168015956879;0;0;0;19;0;0;0
2019-02-14 10:57:01;20.041175127029;0;0;0;19;0;0;0
2019-02-14 10:58:02;20.192322015762;0;0;0;19;0;0;0
2019-02-14 10:59:01;20.237721920013;0;0;0;19;0;0;0
2019-02-14 11:00:01;20.479561090469;0;0;0;19;0;0;0
2019-02-14 11:01:01;20.818821191788;0;0;0;19;0;0;0
2019-02-14 11:02:01;20.271596908569;0;0;0;19;0;0;0
2019-02-14 11:03:01;20.228790044785;0;0;0;19;0;0;0
2019-02-14 11:04:01;20.130840063095;0;0;0;19;0;0;0
2019-02-14 11:05:01;20.109040975571;0;0;0;19;0;0;0
2019-02-14 11:06:01;20.236648797989;0;0;0;19;0;0;0
2019-02-14 11:07:01;20.093733072281;0;0;0;19;0;0;0
2019-02-14 11:08:01;20.190824985504;0;0;0;19;0;0;0
2019-02-14 11:09:01;20.221467971802;0;0;0;19;0;0;0
2019-02-14 11:10:01;20.100747108459;0;0;0;19;0;0;0
2019-02-14 11:11:01;20.241353988647;0;0;0;19;0;0;0
2019-02-14 11:12:01;20.069219112396;0;0;0;19;0;0;0
2019-02-14 11:13:01;20.120876073837;0;0;0;19;0;0;0
2019-02-14 11:14:01;20.159842967987;0;0;0;19;0;0;0
2019-02-14 11:15:01;20.089984893799;0;0;0;19;0;0;0
2019-02-14 11:16:01;20.061077833176;0;0;0;19;0;0;0
2019-02-14 11:17:01;20.122945070267;0;0;0;19;0;0;0
2019-02-14 11:18:01;20.139744997025;0;0;0;19;0;0;0
2019-02-14 11:19:01;20.118528842926;0;0;0;19;0;0;0
2019-02-14 11:20:01;20.160800933838;0;0;0;19;0;0;0
2019-02-14 11:21:02;20.233600139618;0;0;0;19;0;0;0
2019-02-14 11:22:01;20.152951955795;0;0;0;19;0;0;0
2019-02-14 11:23:01;20.230057954788;0;0;0;19;0;0;0
2019-02-14 11:24:01;20.051430940628;0;0;0;19;0;0;0
2019-02-14 11:25:01;20.226438045502;0;0;0;19;0;0;0
2019-02-14 11:26:01;20.154721975327;0;0;0;19;0;0;0
2019-02-14 11:27:01;20.163510084152;0;0;0;19;0;0;0
2019-02-14 11:28:01;20.244446992874;0;0;0;19;0;0;0
2019-02-14 11:29:01;20.097843885422;0;0;0;19;0;0;0
2019-02-14 11:30:01;20.159432888031;0;0;0;19;0;0;0
2019-02-14 11:31:01;20.071311950684;0;0;0;19;0;0;0
2019-02-14 11:32:01;20.126060962677;0;0;0;19;0;0;0
2019-02-14 11:33:02;20.186285018921;0;0;0;19;0;0;0
2019-02-14 11:34:01;20.235264062881;0;0;0;19;0;0;0
2019-02-14 11:35:01;20.227735042572;0;0;0;19;0;0;0
2019-02-14 11:36:01;20.157535076141;0;0;0;19;0;0;0
2019-02-14 11:37:01;20.055509090424;0;0;0;19;0;0;0
2019-02-14 11:38:01;20.227807044983;0;0;0;19;0;0;0
2019-02-14 11:39:01;20.23553109169;0;0;0;19;0;0;0
2019-02-14 11:40:01;20.230557918549;0;0;0;19;0;0;0
2019-02-14 11:41:01;20.11857008934;0;0;0;19;0;0;0
2019-02-14 11:42:01;20.171826839447;0;0;0;19;0;0;0
2019-02-14 11:43:01;20.213846921921;0;0;0;19;0;0;0
2019-02-14 11:44:02;20.128628015518;0;0;0;19;0;0;0
2019-02-14 11:45:02;20.234447956085;0;0;0;19;0;0;0
2019-02-14 11:46:01;20.098921775818;0;0;0;19;0;0;0
2019-02-14 11:47:01;20.066583156586;0;0;0;19;0;0;0
2019-02-14 11:48:01;20.157294034958;0;0;0;19;0;0;0
2019-02-14 11:49:01;20.189540863037;0;0;0;19;0;0;0
2019-02-14 11:50:01;20.247796058655;0;0;0;19;0;0;0
2019-02-14 11:51:02;20.109902143478;0;0;0;19;0;0;0
2019-02-14 11:52:02;20.133720159531;0;0;0;19;0;0;0
2019-02-14 11:53:02;20.085709095001;0;0;0;19;0;0;0
2019-02-14 11:54:02;20.155629873276;0;0;0;19;0;0;0
2019-02-14 11:55:01;20.134645938873;0;0;0;19;0;0;0
2019-02-14 11:56:01;20.224447011948;0;0;0;19;0;0;0
2019-02-14 11:57:01;20.204725027084;0;0;0;19;0;0;0
2019-02-14 11:58:01;20.090415000916;0;0;0;19;0;0;0
2019-02-14 11:59:02;20.043179035187;0;0;0;19;0;0;0
2019-02-14 12:00:01;20.228274106979;0;0;0;19;0;0;0
2019-02-14 12:01:01;20.148379087448;0;0;0;19;0;0;0
2019-02-14 12:02:01;20.158866167068;0;0;0;19;0;0;0
2019-02-14 12:03:01;20.233510971069;0;0;0;19;0;0;0
2019-02-14 12:04:01;20.032897949219;0;0;0;19;0;0;0
2019-02-14 12:05:01;20.202858924866;0;0;0;19;0;0;0
2019-02-14 12:06:01;20.230381011963;0;0;0;19;0;0;0
2019-02-14 12:07:01;20.221349000931;0;0;0;19;0;0;0
2019-02-14 12:08:01;20.256195068359;0;0;0;19;0;0;0
2019-02-14 12:09:01;20.106206893921;0;0;0;19;0;0;0
2019-02-14 12:10:01;20.221617937088;0;0;0;19;0;0;0
2019-02-14 12:11:01;20.135957956314;0;0;0;19;0;0;0
2019-02-14 12:12:01;20.138380050659;0;0;0;19;0;0;0
2019-02-14 12:13:01;20.238270998001;0;0;0;19;0;0;0
2019-02-14 12:14:01;20.133090019226;0;0;0;19;0;0;0
2019-02-14 12:15:01;20.191666126251;0;0;0;19;0;0;0
2019-02-14 12:16:01;20.237668991089;0;0;0;19;0;0;0
2019-02-14 12:17:01;20.102239847183;0;0;0;19;0;0;0
2019-02-14 12:18:01;20.093582868576;0;0;0;19;0;0;0
2019-02-14 12:19:01;20.034612894058;0;0;0;19;0;0;0
2019-02-14 12:20:01;20.095973014832;0;0;0;19;0;0;0
2019-02-14 12:21:01;20.046308994293;0;0;0;19;0;0;0
2019-02-14 12:22:01;20.117635011673;0;0;0;19;0;0;0
2019-02-14 12:23:02;20.169940948486;0;0;0;19;0;0;0
2019-02-14 12:24:02;20.048699855804;0;0;0;19;0;0;0
2019-02-14 12:25:02;20.090690135956;0;0;0;19;0;0;0
2019-02-14 12:26:01;20.243935108185;0;0;0;19;0;0;0
2019-02-14 12:27:01;20.238036870956;0;0;0;19;0;0;0
2019-02-14 12:28:01;20.164490222931;0;0;0;19;0;0;0
2019-02-14 12:29:01;20.167791843414;0;0;0;19;0;0;0
2019-02-14 12:30:01;20.185064077377;0;0;0;19;0;0;0
2019-02-14 12:31:01;20.228311777115;0;0;0;19;0;0;0
2019-02-14 12:32:01;20.244286060333;0;0;0;19;0;0;0
2019-02-14 12:33:01;20.083603143692;0;0;0;19;0;0;0
2019-02-14 12:34:01;20.037515163422;0;0;0;19;0;0;0
2019-02-14 12:35:01;20.064208984375;0;0;0;19;0;0;0
2019-02-14 12:36:01;20.10826587677;0;0;0;19;0;0;0
2019-02-14 12:37:01;20.229856967926;0;0;0;19;0;0;0
2019-02-14 12:38:01;20.182085037231;0;0;0;19;0;0;0
2019-02-14 12:39:01;20.248618841171;0;0;0;19;0;0;0
2019-02-14 12:40:01;20.093149900436;0;0;0;19;0;0;0
2019-02-14 12:41:01;20.219614982605;0;0;0;19;0;0;0
2019-02-14 12:42:01;20.232203006744;0;0;0;19;0;0;0
2019-02-14 12:43:01;20.260223150253;0;0;0;19;0;0;0
2019-02-14 12:44:01;20.125123977661;0;0;0;19;0;0;0
2019-02-14 12:45:01;20.063884973526;0;0;0;19;0;0;0
2019-02-14 12:46:01;20.082350969315;0;0;0;19;0;0;0
2019-02-14 12:47:01;20.155025005341;0;0;0;19;0;0;0
2019-02-14 12:48:01;20.071660995483;0;0;0;19;0;0;0
2019-02-14 12:49:01;20.058645009995;0;0;0;19;0;0;0
2019-02-14 12:50:01;20.262670993805;0;0;0;19;0;0;0
2019-02-14 12:51:01;20.224129915237;0;0;0;19;0;0;0
2019-02-14 12:52:01;20.076972007751;0;0;0;19;0;0;0
2019-02-14 12:53:02;20.086136102676;0;0;0;19;0;0;0
2019-02-14 12:54:01;20.056107997894;0;0;0;19;0;0;0
2019-02-14 12:55:01;20.243268013;0;0;0;19;0;0;0
2019-02-14 12:56:01;20.248847961426;0;0;0;19;0;0;0
2019-02-14 12:57:01;20.271706104279;0;0;0;19;0;0;0
2019-02-14 12:58:01;20.229913949966;0;0;0;19;0;0;0
2019-02-14 12:59:01;20.235988855362;0;0;0;19;0;0;0
2019-02-14 13:00:01;20.211934804916;0;0;0;19;0;0;0
2019-02-14 13:01:01;20.199836015701;0;0;0;19;0;0;0
2019-02-14 13:02:01;20.127363204956;0;0;0;19;0;0;0
2019-02-14 13:03:01;20.038731813431;0;0;0;19;0;0;0
2019-02-14 13:04:01;20.229568958282;0;0;0;19;0;0;0
2019-02-14 13:05:02;20.222344875336;0;0;0;19;0;0;0
2019-02-14 13:06:01;20.070853948593;0;0;0;19;0;0;0
2019-02-14 13:07:02;20.10005903244;0;0;0;19;0;0;0
2019-02-14 13:08:01;20.112665176392;0;0;0;19;0;0;0
2019-02-14 13:09:01;20.131500959396;0;0;0;19;0;0;0
2019-02-14 13:10:01;20.170521974564;0;0;0;19;0;0;0
2019-02-14 13:11:01;20.245893001556;0;0;0;19;0;0;0
2019-02-14 13:12:01;20.145967006683;0;0;0;19;0;0;0
2019-02-14 13:13:01;20.228067159653;0;0;0;19;0;0;0
2019-02-14 13:14:01;20.144174814224;0;0;0;19;0;0;0
2019-02-14 13:15:01;20.126597166061;0;0;0;19;0;0;0
2019-02-14 13:16:01;20.163269996643;0;0;0;19;0;0;0
2019-02-14 13:17:01;20.115714788437;0;0;0;19;0;0;0
2019-02-14 13:18:01;20.154258966446;0;0;0;19;0;0;0
2019-02-14 13:19:01;20.091202974319;0;0;0;19;0;0;0
2019-02-14 13:20:01;20.189798116684;0;0;0;19;0;0;0
2019-02-14 13:21:01;20.207408905029;0;0;0;19;0;0;0
2019-02-14 13:22:01;20.072479963303;0;0;0;19;0;0;0
2019-02-14 13:23:01;20.096721172333;0;0;0;19;0;0;0
2019-02-14 13:24:01;20.166551113129;0;0;0;19;0;0;0
2019-02-14 13:25:02;20.067745923996;0;0;0;19;0;0;0
2019-02-14 13:26:01;20.030951023102;0;0;0;19;0;0;0
2019-02-14 13:27:01;20.210886001587;0;0;0;19;0;0;0
2019-02-14 13:28:01;20.140300989151;0;0;0;19;0;0;0
2019-02-14 13:29:01;20.06489610672;0;0;0;19;0;0;0
2019-02-14 13:30:01;20.233901023865;0;0;0;19;0;0;0
2019-02-14 13:31:02;20.048286914825;0;0;0;19;0;0;0
2019-02-14 13:32:01;20.178879976273;0;0;0;19;0;0;0
2019-02-14 13:33:02;20.231137037277;0;0;0;19;0;0;0
2019-02-14 13:34:01;20.207339048386;0;0;0;19;0;0;0
2019-02-14 13:35:01;20.216686964035;0;0;0;19;0;0;0
2019-02-14 13:36:01;20.156198978424;0;0;0;19;0;0;0
2019-02-14 13:37:01;20.104601144791;0;0;0;19;0;0;0
2019-02-14 13:38:01;20.229094982147;0;0;0;19;0;0;0
2019-02-14 13:39:01;20.107412099838;0;0;0;19;0;0;0
2019-02-14 13:40:02;20.108700037003;0;0;0;19;0;0;0
2019-02-14 13:41:02;20.07675409317;0;0;0;19;0;0;0
2019-02-14 13:42:01;20.25603890419;0;0;0;19;0;0;0
2019-02-14 13:43:01;20.205271959305;0;0;0;19;0;0;0
2019-02-14 13:44:01;20.081153869629;0;0;0;19;0;0;0
2019-02-14 13:45:01;20.098937988281;0;0;0;19;0;0;0
2019-02-14 13:46:01;20.196962833405;0;0;0;19;0;0;0
2019-02-14 13:47:01;20.188632011414;0;0;0;19;0;0;0
2019-02-14 13:48:01;20.09748506546;0;0;0;19;0;0;0
2019-02-14 13:49:01;20.210900068283;0;0;0;19;0;0;0
2019-02-14 13:50:01;20.054203033447;0;0;0;19;0;0;0
2019-02-14 13:51:01;20.156492948532;0;0;0;19;0;0;0
2019-02-14 13:52:01;20.09760594368;0;0;0;19;0;0;0
2019-02-14 13:53:01;20.244168043137;0;0;0;19;0;0;0
2019-02-14 13:54:01;20.130305051804;0;0;0;19;0;0;0
2019-02-14 13:55:02;20.134953975677;0;0;0;19;0;0;0
2019-02-14 13:56:01;20.119596004486;0;0;0;19;0;0;0
2019-02-14 13:57:02;20.172338962555;0;0;0;19;0;0;0
2019-02-14 13:58:02;20.161613941193;0;0;0;19;0;0;0
2019-02-14 13:59:01;20.031332015991;0;0;0;19;0;0;0
2019-02-14 14:00:01;20.221624135971;0;0;0;19;0;0;0
2019-02-14 14:01:01;20.100923061371;0;0;0;19;0;0;0
2019-02-14 14:02:01;20.170409202576;0;0;0;19;0;0;0
2019-02-14 14:03:01;20.081888198853;0;0;0;19;0;0;0
2019-02-14 14:04:02;20.06933093071;0;0;0;19;0;0;0
2019-02-14 14:05:01;20.221570014954;0;0;0;19;0;0;0
2019-02-14 14:06:01;20.089975118637;0;0;0;19;0;0;0
2019-02-14 14:07:01;20.235071897507;0;0;0;19;0;0;0
2019-02-14 14:08:01;20.215291023254;0;0;0;19;0;0;0
2019-02-14 14:09:02;20.118923187256;0;0;0;19;0;0;0
2019-02-14 14:10:01;20.0947701931;0;0;0;19;0;0;0
2019-02-14 14:11:02;20.221352100372;0;0;0;19;0;0;0
2019-02-14 14:12:01;20.229415178299;0;0;0;19;0;0;0
2019-02-14 14:13:01;20.141912937164;0;0;0;19;0;0;0
2019-02-14 14:14:01;20.202375888824;0;0;0;19;0;0;0
2019-02-14 14:15:01;20.163753986359;0;0;0;19;0;0;0
2019-02-14 14:16:01;20.150810003281;0;0;0;19;0;0;0
2019-02-14 14:17:01;20.08421587944;0;0;0;19;0;0;0
2019-02-14 14:18:01;20.184509992599;0;0;0;19;0;0;0
2019-02-14 14:19:02;20.097306013107;0;0;0;19;0;0;0
2019-02-14 14:20:01;20.211318969727;0;0;0;19;0;0;0
2019-02-14 14:21:01;20.231408119202;0;0;0;19;0;0;0
2019-02-14 14:22:01;20.25595998764;0;0;0;19;0;0;0
2019-02-14 14:23:02;20.234926939011;0;0;0;19;0;0;0
2019-02-14 14:24:01;20.256331920624;0;0;0;19;0;0;0
2019-02-14 14:25:01;20.056617021561;0;0;0;19;0;0;0
2019-02-14 14:26:01;20.227578163147;0;0;0;19;0;0;0
2019-02-14 14:27:01;20.232930898666;0;0;0;19;0;0;0
2019-02-14 14:28:01;20.064686059952;0;0;0;19;0;0;0
2019-02-14 14:29:01;20.049791097641;0;0;0;19;0;0;0
2019-02-14 14:30:01;20.157447099686;0;0;0;19;0;0;0
2019-02-14 14:31:01;20.230275154114;0;0;0;19;0;0;0
2019-02-14 14:32:01;20.146899938583;0;0;0;19;0;0;0
2019-02-14 14:33:01;20.099463939667;0;0;0;19;0;0;0
2019-02-14 14:34:02;20.235696077347;0;0;0;19;0;0;0
2019-02-14 14:35:02;20.051163911819;0;0;0;19;0;0;0
2019-02-14 14:36:01;20.161972045898;0;0;0;19;0;0;0
2019-02-14 14:37:01;20.229846000671;0;0;0;19;0;0;0
2019-02-14 14:38:01;20.064957857132;0;0;0;19;0;0;0
2019-02-14 14:39:01;20.234679937363;0;0;0;19;0;0;0
2019-02-14 14:40:01;20.238940954208;0;0;0;19;0;0;0
2019-02-14 14:41:01;20.227074861526;0;0;0;19;0;0;0
2019-02-14 14:42:01;20.132396936417;0;0;0;19;0;0;0
2019-02-14 14:43:01;20.227272033691;0;0;0;19;0;0;0
2019-02-14 14:44:01;20.230432987213;0;0;0;19;0;0;0
2019-02-14 14:45:01;20.09116601944;0;0;0;19;0;0;0
2019-02-14 14:46:01;20.091845989227;0;0;0;19;0;0;0
2019-02-14 14:47:02;20.175607204437;0;0;0;19;0;0;0
2019-02-14 14:48:01;20.094455003738;0;0;0;19;0;0;0
2019-02-14 14:49:01;20.23140501976;0;0;0;19;0;0;0
2019-02-14 14:50:01;20.214993953705;0;0;0;19;0;0;0
2019-02-14 14:51:01;20.248811006546;0;0;0;19;0;0;0
2019-02-14 14:52:02;20.106194972992;0;0;0;19;0;0;0
2019-02-14 14:53:01;20.085720062256;0;0;0;19;0;0;0
2019-02-14 14:54:01;20.125814914703;0;0;0;19;0;0;0
2019-02-14 14:55:01;20.168108940125;0;0;0;19;0;0;0
2019-02-14 14:56:02;20.221799135208;0;0;0;19;0;0;0
2019-02-14 14:57:01;20.257719039917;0;0;0;19;0;0;0
2019-02-14 14:58:02;20.237507820129;0;0;0;19;0;0;0
2019-02-14 14:59:01;20.099744081497;0;0;0;19;0;0;0
2019-02-14 15:00:01;20.058204889297;0;0;0;19;0;0;0
2019-02-14 15:01:01;20.115385055542;0;0;0;19;0;0;0
2019-02-14 15:02:01;20.231520175934;0;0;0;19;0;0;0
2019-02-14 15:03:01;20.246407985687;0;0;0;19;0;0;0
2019-02-14 15:04:01;20.137671947479;0;0;0;19;0;0;0
2019-02-14 15:05:01;20.042505979538;0;0;0;19;0;0;0
2019-02-14 15:06:01;20.115906000137;0;0;0;19;0;0;0
2019-02-14 15:07:01;20.143926143646;0;0;0;19;0;0;0
2019-02-14 15:08:01;20.215075016022;0;0;0;19;0;0;0
2019-02-14 15:09:01;20.19565486908;0;0;0;19;0;0;0
2019-02-14 15:10:01;20.073965072632;0;0;0;19;0;0;0
2019-02-14 15:11:01;20.068603992462;0;0;0;19;0;0;0
2019-02-14 15:12:01;20.052726984024;0;0;0;19;0;0;0
2019-02-14 15:13:01;20.111815929413;0;0;0;19;0;0;0
2019-02-14 15:14:01;20.129637002945;0;0;0;19;0;0;0
2019-02-14 15:15:02;20.088654994965;0;0;0;19;0;0;0
2019-02-14 15:16:01;20.230176925659;0;0;0;19;0;0;0
2019-02-14 15:17:01;20.075866937637;0;0;0;19;0;0;0
2019-02-14 15:18:01;20.112313985825;0;0;0;19;0;0;0
2019-02-14 15:19:01;20.081657171249;0;0;0;19;0;0;0
2019-02-14 15:20:01;20.236238956451;0;0;0;19;0;0;0
2019-02-14 15:21:01;20.23025393486;0;0;0;19;0;0;0
2019-02-14 15:22:01;20.150193929672;0;0;0;19;0;0;0
2019-02-14 15:23:01;20.091972112656;0;0;0;19;0;0;0
2019-02-14 15:24:02;20.221741914749;0;0;0;19;0;0;0
2019-02-14 15:25:01;20.20692896843;0;0;0;19;0;0;0
2019-02-14 15:26:01;20.124415874481;0;0;0;19;0;0;0
2019-02-14 15:27:01;20.181272983551;0;0;0;19;0;0;0
2019-02-14 15:28:01;20.2237200737;0;0;0;19;0;0;0
2019-02-14 15:29:01;20.098441123962;0;0;0;19;0;0;0
2019-02-14 15:30:01;20.085434913635;0;0;0;19;0;0;0
2019-02-14 15:31:01;20.060488939285;0;0;0;19;0;0;0
2019-02-14 15:32:01;20.059428930283;0;0;0;19;0;0;0
2019-02-14 15:33:02;20.210134983063;0;0;0;19;0;0;0
2019-02-14 15:34:01;20.22397685051;0;0;0;19;0;0;0
2019-02-14 15:35:01;20.252701044083;0;0;0;19;0;0;0
2019-02-14 15:36:01;20.228228092194;0;0;0;19;0;0;0
2019-02-14 15:37:02;20.222008943558;0;0;0;19;0;0;0
2019-02-14 15:38:02;20.224586009979;0;0;0;19;0;0;0
2019-02-14 15:39:01;20.188887834549;0;0;0;19;0;0;0
2019-02-14 15:40:01;20.237159967422;0;0;0;19;0;0;0
2019-02-14 15:41:01;20.072132825851;0;0;0;19;0;0;0
2019-02-14 15:42:01;20.077775001526;0;0;0;19;0;0;0
2019-02-14 15:43:02;20.148537158966;0;0;0;19;0;0;0
2019-02-14 15:44:01;20.080030918121;0;0;0;19;0;0;0
2019-02-14 15:45:01;20.121474027634;0;0;0;19;0;0;0
2019-02-14 15:46:01;20.076533079147;0;0;0;19;0;0;0
2019-02-14 15:47:01;20.165884971619;0;0;0;19;0;0;0
2019-02-14 15:48:01;20.078289985657;0;0;0;19;0;0;0
2019-02-14 15:49:01;20.076568126678;0;0;0;19;0;0;0
2019-02-14 15:50:01;20.172771930695;0;0;0;19;0;0;0
2019-02-14 15:51:01;20.245904922485;0;0;0;19;0;0;0
2019-02-14 15:52:01;20.224771022797;0;0;0;19;0;0;0
2019-02-14 15:53:01;20.148373126984;0;0;0;19;0;0;0
2019-02-14 15:54:01;20.133188009262;0;0;0;19;0;0;0
2019-02-14 15:55:01;20.185640096664;0;0;0;19;0;0;0
2019-02-14 15:56:01;20.155280828476;0;0;0;19;0;0;0
2019-02-14 15:57:01;20.155194997787;0;0;0;19;0;0;0
2019-02-14 15:58:01;20.251817941666;0;0;0;19;0;0;0
2019-02-14 15:59:01;20.270910024643;0;0;0;19;0;0;0
2019-02-14 16:00:01;20.050577878952;0;0;0;19;0;0;0
2019-02-14 16:01:01;20.197789907455;0;0;0;19;0;0;0
2019-02-14 16:02:01;20.152544021606;0;0;0;19;0;0;0
2019-02-14 16:03:02;20.110924005508;0;0;0;19;0;0;0
2019-02-14 16:04:01;20.262307882309;0;0;0;19;0;0;0
2019-02-14 16:05:01;20.215769052505;0;0;0;19;0;0;0
2019-02-14 16:06:01;20.105051994324;0;0;0;19;0;0;0
2019-02-14 16:07:01;20.234409093857;0;0;0;19;0;0;0
2019-02-14 16:08:01;20.067190885544;0;0;0;19;0;0;0
2019-02-14 16:09:01;20.172585010529;0;0;0;19;0;0;0
2019-02-14 16:10:01;20.094460010529;0;0;0;19;0;0;0
2019-02-14 16:11:01;20.116709947586;0;0;0;19;0;0;0
2019-02-14 16:12:01;20.102468013763;0;0;0;19;0;0;0
2019-02-14 16:13:01;20.107487916946;0;0;0;19;0;0;0
2019-02-14 16:14:01;20.226804018021;0;0;0;19;0;0;0
2019-02-14 16:15:01;20.185732841492;0;0;0;19;0;0;0
2019-02-14 16:16:01;20.208406925201;0;0;0;19;0;0;0
2019-02-14 16:17:01;20.244288921356;0;0;0;19;0;0;0
2019-02-14 16:18:02;20.242194890976;0;0;0;19;0;0;0
2019-02-14 16:19:02;20.084450006485;0;0;0;19;0;0;0
2019-02-14 16:20:01;20.268172979355;0;0;0;19;0;0;0
2019-02-14 16:21:01;20.057851076126;0;0;0;19;0;0;0
2019-02-14 16:22:01;20.135189056396;0;0;0;19;0;0;0
2019-02-14 16:23:01;20.220459938049;0;0;0;19;0;0;0
2019-02-14 16:24:01;20.162998914719;0;0;0;19;0;0;0
2019-02-14 16:25:01;20.14969086647;0;0;0;19;0;0;0
2019-02-14 16:26:01;20.108330965042;0;0;0;19;0;0;0
2019-02-14 16:27:01;20.118829965591;0;0;0;19;0;0;0
2019-02-14 16:28:01;20.058168888092;0;0;0;19;0;0;0
2019-02-14 16:29:01;20.267477035522;0;0;0;19;0;0;0
2019-02-14 16:30:01;20.199151039124;0;0;0;19;0;0;0
2019-02-14 16:31:01;20.161266088486;0;0;0;19;0;0;0
2019-02-14 16:32:02;20.160258054733;0;0;0;19;0;0;0
2019-02-14 16:33:01;20.073376178741;0;0;0;19;0;0;0
2019-02-14 16:34:02;20.042035102844;0;0;0;19;0;0;0
2019-02-14 16:35:01;20.120069026947;0;0;0;19;0;0;0
2019-02-14 16:36:02;20.075739860535;0;0;0;19;0;0;0
2019-02-14 16:37:01;20.23575592041;0;0;0;19;0;0;0
2019-02-14 16:38:01;20.107820034027;0;0;0;19;0;0;0
2019-02-14 16:39:01;20.083638906479;0;0;0;19;0;0;0
2019-02-14 16:40:01;20.079472064972;0;0;0;19;0;0;0
2019-02-14 16:41:01;20.093820095062;0;0;0;19;0;0;0
2019-02-14 16:42:01;20.192441940308;0;0;0;19;0;0;0
2019-02-14 16:43:01;20.186805009842;0;0;0;19;0;0;0
2019-02-14 16:44:01;20.254908084869;0;0;0;19;0;0;0
2019-02-14 16:45:01;20.088844060898;0;0;0;19;0;0;0
2019-02-14 16:46:01;20.130060911179;0;0;0;19;0;0;0
2019-02-14 16:47:01;20.129628181458;0;0;0;19;0;0;0
2019-02-14 16:48:01;20.160301923752;0;0;0;19;0;0;0
2019-02-14 16:49:02;20.196210861206;0;0;0;19;0;0;0
2019-02-14 16:50:01;20.144659996033;0;0;0;19;0;0;0
2019-02-14 16:51:02;20.096530914307;0;0;0;19;0;0;0
2019-02-14 16:52:01;20.174367904663;0;0;0;19;0;0;0
2019-02-14 16:53:01;20.240260124207;0;0;0;19;0;0;0
2019-02-14 16:54:01;20.094581127167;0;0;0;19;0;0;0
2019-02-14 16:55:02;20.258134126663;0;0;0;19;0;0;0
2019-02-14 16:56:01;20.200557947159;0;0;0;19;0;0;0
2019-02-14 16:57:01;20.098849058151;0;0;0;19;0;0;0
2019-02-14 16:58:01;20.229235172272;0;0;0;19;0;0;0
2019-02-14 16:59:01;20.262307167053;0;0;0;19;0;0;0
2019-02-14 17:00:01;20.074462890625;0;0;0;19;0;0;0
2019-02-14 17:01:01;20.114954948425;0;0;0;19;0;0;0
2019-02-14 17:02:01;20.058167934418;0;0;0;19;0;0;0
2019-02-14 17:03:01;20.141461133957;0;0;0;19;0;0;0
2019-02-14 17:04:01;20.221378087997;0;0;0;19;0;0;0
2019-02-14 17:05:01;20.233834028244;0;0;0;19;0;0;0
2019-02-14 17:06:02;20.157113075256;0;0;0;19;0;0;0
2019-02-14 17:07:01;20.095185041428;0;0;0;19;0;0;0
2019-02-14 17:08:01;20.056251049042;0;0;0;19;0;0;0
2019-02-14 17:09:01;20.200698852539;0;0;0;19;0;0;0
2019-02-14 17:10:01;20.229678869247;0;0;0;19;0;0;0
2019-02-14 17:11:01;20.084845066071;0;0;0;19;0;0;0
2019-02-14 17:12:02;20.128738164902;0;0;0;19;0;0;0
2019-02-14 17:13:01;20.259259939194;0;0;0;19;0;0;0
2019-02-14 17:14:01;20.223582029343;0;0;0;19;0;0;0
2019-02-14 17:15:01;20.064262151718;0;0;0;19;0;0;0
2019-02-14 17:16:01;20.244696855545;0;0;0;19;0;0;0
2019-02-14 17:17:01;20.237380981445;0;0;0;19;0;0;0
2019-02-14 17:18:01;20.079849004745;0;0;0;19;0;0;0
2019-02-14 17:19:01;20.149062871933;0;0;0;19;0;0;0
2019-02-14 17:20:01;20.248919010162;0;0;0;19;0;0;0
2019-02-14 17:21:01;20.252110004425;0;0;0;19;0;0;0
2019-02-14 17:22:01;20.264868974686;0;0;0;19;0;0;0
2019-02-14 17:23:02;20.123958826065;0;0;0;19;0;0;0
2019-02-14 17:24:01;20.07603597641;0;0;0;19;0;0;0
2019-02-14 17:25:01;20.169017076492;0;0;0;19;0;0;0
2019-02-14 17:26:01;20.168095111847;0;0;0;19;0;0;0
2019-02-14 17:27:01;20.126829147339;0;0;0;19;0;0;0
2019-02-14 17:28:01;20.230493068695;0;0;0;19;0;0;0
2019-02-14 17:29:01;20.224148035049;0;0;0;19;0;0;0
2019-02-14 17:30:01;20.056080102921;0;0;0;19;0;0;0
2019-02-14 17:31:01;20.078743219376;0;0;0;19;0;0;0
2019-02-14 17:32:01;20.258458852768;0;0;0;19;0;0;0
2019-02-14 17:33:01;20.075521945953;0;0;0;19;0;0;0
2019-02-14 17:34:02;20.141409873962;0;0;0;19;0;0;0
2019-02-14 17:35:01;20.097805976868;0;0;0;19;0;0;0
2019-02-14 17:36:01;20.208235025406;0;0;0;19;0;0;0
2019-02-14 17:37:02;20.266811132431;0;0;0;19;0;0;0
2019-02-14 17:38:01;20.252518892288;0;0;0;19;0;0;0
2019-02-14 17:39:01;20.244196891785;0;0;0;19;0;0;0
2019-02-14 17:40:01;20.130055904388;0;0;0;19;0;0;0
2019-02-14 17:41:01;20.214699983597;0;0;0;19;0;0;0
2019-02-14 17:42:01;20.071178913116;0;0;0;19;0;0;0
2019-02-14 17:43:01;20.099980115891;0;0;0;19;0;0;0
2019-02-14 17:44:01;20.117182970047;0;0;0;19;0;0;0
2019-02-14 17:45:01;20.070475816727;0;0;0;19;0;0;0
2019-02-14 17:46:01;20.08335518837;0;0;0;19;0;0;0
2019-02-14 17:47:01;20.089504957199;0;0;0;19;0;0;0
2019-02-14 17:48:01;20.174757003784;0;0;0;19;0;0;0
2019-02-14 17:49:01;20.256021976471;0;0;0;19;0;0;0
2019-02-14 17:50:01;20.21626496315;0;0;0;19;0;0;0
2019-02-14 17:51:01;20.172004938126;0;0;0;19;0;0;0
2019-02-14 17:52:01;20.062763214111;0;0;0;19;0;0;0
2019-02-14 17:53:01;20.236429929733;0;0;0;19;0;0;0
2019-02-14 17:54:01;20.131735801697;0;0;0;19;0;0;0
2019-02-14 17:55:01;20.17386007309;0;0;0;19;0;0;0
2019-02-14 17:56:01;20.226864814758;0;0;0;19;0;0;0
2019-02-14 17:57:01;20.251317024231;0;0;0;19;0;0;0
2019-02-14 17:58:01;20.226764917374;0;0;0;19;0;0;0
2019-02-14 17:59:01;20.090986967087;0;0;0;19;0;0;0
2019-02-14 18:00:01;20.05580997467;0;0;0;19;0;0;0
2019-02-14 18:01:01;20.087383985519;0;0;0;19;0;0;0
2019-02-14 18:02:01;20.094949007034;0;0;0;19;0;0;0
2019-02-14 18:03:01;20.227333068848;0;0;0;19;0;0;0
2019-02-14 18:04:02;20.0497610569;0;0;0;19;0;0;0
2019-02-14 18:05:02;20.208858013153;0;0;0;19;0;0;0
2019-02-14 18:06:01;20.216480016708;0;0;0;19;0;0;0
2019-02-14 18:07:01;20.173173904419;0;0;0;19;0;0;0
2019-02-14 18:08:01;20.219519853592;0;0;0;19;0;0;0
2019-02-14 18:09:01;20.269618988037;0;0;0;19;0;0;0
2019-02-14 18:10:01;20.054929018021;0;0;0;19;0;0;0
2019-02-14 18:11:01;20.123553991318;0;0;0;19;0;0;0
2019-02-14 18:12:01;20.063541889191;0;0;0;19;0;0;0
2019-02-14 18:13:01;20.240065813065;0;0;0;19;0;0;0
2019-02-14 18:14:02;20.228194952011;0;0;0;19;0;0;0
2019-02-14 18:15:01;20.071986913681;0;0;0;19;0;0;0
2019-02-14 18:16:02;20.139367103577;0;0;0;19;0;0;0
2019-02-14 18:17:01;20.221467018127;0;0;0;19;0;0;0
2019-02-14 18:18:01;20.124799013138;0;0;0;19;0;0;0
2019-02-14 18:19:01;20.156981945038;0;0;0;19;0;0;0
2019-02-14 18:20:01;20.062882900238;0;0;0;19;0;0;0
2019-02-14 18:21:01;20.243213891983;0;0;0;19;0;0;0
2019-02-14 18:22:01;20.227164030075;0;0;0;19;0;0;0
2019-02-14 18:23:01;20.245934009552;0;0;0;19;0;0;0
2019-02-14 18:24:01;20.093836069107;0;0;0;19;0;0;0
2019-02-14 18:25:01;20.26270699501;0;0;0;19;0;0;0
2019-02-14 18:26:01;20.201669931412;0;0;0;19;0;0;0
2019-02-14 18:27:02;20.225044965744;0;0;0;19;0;0;0
2019-02-14 18:28:01;20.255406856537;0;0;0;19;0;0;0
2019-02-14 18:29:01;20.236973047256;0;0;0;19;0;0;0
2019-02-14 18:30:01;20.235435009003;0;0;0;19;0;0;0
2019-02-14 18:31:01;20.072453022003;0;0;0;19;0;0;0
2019-02-14 18:32:01;20.060672044754;0;0;0;19;0;0;0
2019-02-14 18:33:01;20.237408161163;0;0;0;19;0;0;0
2019-02-14 18:34:01;20.065611124039;0;0;0;19;0;0;0
2019-02-14 18:35:02;20.078127145767;0;0;0;19;0;0;0
2019-02-14 18:36:01;20.246675014496;0;0;0;19;0;0;0
2019-02-14 18:37:01;20.067301988602;0;0;0;19;0;0;0
2019-02-14 18:38:01;20.09819483757;0;0;0;19;0;0;0
2019-02-14 18:39:01;20.282727956772;0;0;0;19;0;0;0
2019-02-14 18:40:02;20.253765106201;0;0;0;19;0;0;0
2019-02-14 18:41:01;20.178187131882;0;0;0;19;0;0;0
2019-02-14 18:42:02;20.225572824478;0;0;0;19;0;0;0
2019-02-14 18:43:02;20.07445192337;0;0;0;19;0;0;0
2019-02-14 18:44:01;20.039040803909;0;0;0;19;0;0;0
2019-02-14 18:45:01;20.213515996933;0;0;0;19;0;0;0
2019-02-14 18:46:01;20.068866014481;0;0;0;19;0;0;0
2019-02-14 18:47:01;20.245544910431;0;0;0;19;0;0;0
2019-02-14 18:48:01;20.053731918335;0;0;0;19;0;0;0
2019-02-14 18:49:01;20.177145957947;0;0;0;19;0;0;0
2019-02-14 18:50:01;20.138159990311;0;0;0;19;0;0;0
2019-02-14 18:51:01;20.108947992325;0;0;0;19;0;0;0
2019-02-14 18:52:01;20.157521009445;0;0;0;19;0;0;0
2019-02-14 18:53:01;20.235817909241;0;0;0;19;0;0;0
2019-02-14 18:54:01;20.116327047348;0;0;0;19;0;0;0
2019-02-14 18:55:01;20.16498708725;0;0;0;19;0;0;0
2019-02-14 18:56:01;20.149785041809;0;0;0;19;0;0;0
2019-02-14 18:57:02;20.23317193985;0;0;0;19;0;0;0
2019-02-14 18:58:01;20.046797037125;0;0;0;19;0;0;0
2019-02-14 18:59:02;20.128051042557;0;0;0;19;0;0;0
2019-02-14 19:00:01;20.173285961151;0;0;0;19;0;0;0
2019-02-14 19:01:01;20.079530954361;0;0;0;19;0;0;0
2019-02-14 19:02:01;20.092064857483;0;0;0;19;0;0;0
2019-02-14 19:03:01;20.169356107712;0;0;0;19;0;0;0
2019-02-14 19:04:01;20.058992147446;0;0;0;19;0;0;0
2019-02-14 19:05:01;20.161570072174;0;0;0;19;0;0;0
2019-02-14 19:06:01;20.233684778214;0;0;0;19;0;0;0
2019-02-14 19:07:01;20.239370107651;0;0;0;19;0;0;0
2019-02-14 19:08:01;20.165957212448;0;0;0;19;0;0;0
2019-02-14 19:09:01;20.093764066696;0;0;0;19;0;0;0
2019-02-14 19:10:01;20.044642925262;0;0;0;19;0;0;0
2019-02-14 19:11:01;20.230432987213;0;0;0;19;0;0;0
2019-02-14 19:12:02;20.221235990524;0;0;0;19;0;0;0
2019-02-14 19:13:01;20.208060979843;0;0;0;19;0;0;0
2019-02-14 19:14:01;20.226009130478;0;0;0;19;0;0;0
2019-02-14 19:15:01;20.107429981232;0;0;0;19;0;0;0
2019-02-14 19:16:01;20.255400180817;0;0;0;19;0;0;0
2019-02-14 19:17:02;20.334042787552;0;0;0;19;0;0;0
2019-02-14 19:18:01;20.126685142517;0;0;0;19;0;0;0
2019-02-14 19:19:01;20.176217079163;0;0;0;19;0;0;0
2019-02-14 19:20:01;20.221073865891;0;0;0;19;0;0;0
2019-02-14 19:21:01;20.119826078415;0;0;0;19;0;0;0
2019-02-14 19:22:01;20.245680093765;0;0;0;19;0;0;0
2019-02-14 19:23:01;20.239450931549;0;0;0;19;0;0;0
2019-02-14 19:24:01;20.077342033386;0;0;0;19;0;0;0
2019-02-14 19:25:01;20.211376905441;0;0;0;19;0;0;0
2019-02-14 19:26:01;20.158442974091;0;0;0;19;0;0;0
2019-02-14 19:27:01;20.15348982811;0;0;0;19;0;0;0
2019-02-14 19:28:01;20.236531972885;0;0;0;19;0;0;0
2019-02-14 19:29:01;20.234679937363;0;0;0;19;0;0;0
2019-02-14 19:30:01;20.182116031647;0;0;0;19;0;0;0
2019-02-14 19:31:01;20.151557922363;0;0;0;19;0;0;0
2019-02-14 19:32:01;20.112858057022;0;0;0;19;0;0;0
2019-02-14 19:33:01;20.257057905197;0;0;0;19;0;0;0
2019-02-14 19:34:01;20.301558017731;0;0;0;19;0;0;0
2019-02-14 19:35:01;20.232120990753;0;0;0;19;0;0;0
2019-02-14 19:36:01;21.291226148605;0;0;0;19;0;0;0
2019-02-14 19:37:01;20.231362104416;0;0;0;19;0;0;0
2019-02-14 19:38:01;20.110424995422;0;0;0;19;0;0;0
2019-02-14 19:39:01;20.270736932755;0;0;0;19;0;0;0
2019-02-14 19:40:01;20.26775097847;0;0;0;19;0;0;0
2019-02-14 19:41:01;24.760146856308;0;0;0;19;0;0;0
2019-02-14 19:42:02;20.127903938293;0;0;0;19;0;0;0
2019-02-14 19:43:01;20.214069128036;0;0;0;19;0;0;0
2019-02-14 19:44:01;20.194875955582;0;0;0;19;0;0;0
2019-02-14 19:45:01;20.680001974106;0;0;0;19;0;0;0
2019-02-14 19:46:01;20.192265987396;0;0;0;19;0;0;0
2019-02-14 19:47:01;21.23459982872;0;0;0;19;0;0;0
2019-02-14 19:48:01;20.379256010056;0;0;0;19;0;0;0
2019-02-14 19:49:02;21.465978860855;0;0;0;19;0;0;0
2019-02-14 19:50:01;20.185652017593;0;0;0;19;0;0;0
2019-02-14 19:51:01;20.066504001617;0;0;0;19;0;0;0
2019-02-14 19:52:01;20.210623025894;0;0;0;19;0;0;0
2019-02-14 19:53:01;20.221824884415;0;0;0;19;0;0;0
2019-02-14 19:54:01;20.190096855164;0;0;0;19;0;0;0
2019-02-14 19:55:01;20.271526098251;0;0;0;19;0;0;0
2019-02-14 19:56:01;21.612819910049;0;0;0;19;0;0;0
2019-02-14 19:57:01;22.390275001526;0;0;0;19;0;0;0
2019-02-14 19:58:01;23.727379083633;0;0;0;19;0;0;0
2019-02-14 19:59:02;22.721550941467;0;0;0;19;0;0;0
2019-02-14 20:00:02;20.714926958084;0;0;0;19;0;0;0
2019-02-14 20:01:01;20.135850906372;0;0;0;19;0;0;0
2019-02-14 20:02:01;20.094713926315;0;0;0;19;0;0;0
2019-02-14 20:03:01;20.36035490036;0;0;0;19;0;0;0
2019-02-14 20:04:01;21.071053028107;0;0;0;19;0;0;0
2019-02-14 20:05:02;20.469402074814;0;0;0;19;0;0;0
2019-02-14 20:06:01;20.172421216965;0;0;0;19;0;0;0
2019-02-14 20:07:01;20.718063116074;0;0;0;19;0;0;0
2019-02-14 20:08:01;20.357278108597;0;0;0;19;0;0;0
2019-02-14 20:09:01;20.215448141098;0;0;0;19;0;0;0
2019-02-14 20:10:01;21.284075021744;0;0;0;19;0;0;0
2019-02-14 20:11:01;20.292500019073;0;0;0;19;0;0;0
2019-02-14 20:12:01;20.226255893707;0;0;0;19;0;0;0
2019-02-14 20:13:01;20.251286029816;0;0;0;19;0;0;0
2019-02-14 20:14:01;20.156177997589;0;0;0;19;0;0;0
2019-02-14 20:15:01;20.253616094589;0;0;0;19;0;0;0
2019-02-14 20:16:01;20.348403930664;0;0;0;19;0;0;0
2019-02-14 20:17:01;21.810090065002;0;0;0;19;0;0;0
2019-02-14 20:18:01;21.009457826614;0;0;0;19;0;0;0
2019-02-14 20:19:01;20.766969919205;0;0;0;19;0;0;0
2019-02-14 20:20:01;20.193114042282;0;0;0;19;0;0;0
2019-02-14 20:21:01;20.904495000839;0;0;0;19;0;0;0
2019-02-14 20:22:01;22.35476899147;0;0;0;19;0;0;0
2019-02-14 20:23:01;20.974800825119;0;0;0;19;0;0;0
2019-02-14 20:24:01;21.448846101761;0;0;0;19;0;0;0
2019-02-14 20:25:01;21.135083913803;0;0;0;19;0;0;0
2019-02-14 20:26:01;20.237287998199;0;0;0;19;0;0;0
2019-02-14 20:27:01;20.594538927078;0;0;0;19;0;0;0
2019-02-14 20:28:01;21.811178922653;0;0;0;19;0;0;0
2019-02-14 20:29:01;22.169268131256;0;0;0;19;0;0;0
2019-02-14 20:30:01;23.05411195755;0;0;0;19;0;0;0
2019-02-14 20:31:01;20.774477958679;0;0;0;19;0;0;0
2019-02-14 20:32:01;24.228875875473;0;0;0;19;0;0;0
2019-02-14 20:33:01;22.498322963715;0;0;0;19;0;0;0
2019-02-14 20:34:01;21.164319038391;0;0;0;19;0;0;0
2019-02-14 20:35:01;20.840532064438;0;0;0;19;0;0;0
2019-02-14 20:36:01;21.738980054855;0;0;0;19;0;0;0
2019-02-14 20:37:01;21.642701864243;0;0;0;19;0;0;0
2019-02-14 20:38:01;22.312993049622;0;0;0;19;0;0;0
2019-02-14 20:39:01;23.565860033035;0;0;0;19;0;0;0
2019-02-14 20:40:01;23.544728040695;0;0;0;19;0;0;0
2019-02-14 20:41:01;25.582161903381;0;0;0;19;0;0;0
2019-02-14 20:42:01;22.376865148544;0;0;0;19;0;0;0
2019-02-14 20:43:01;21.629774808884;0;0;0;19;0;0;0
2019-02-14 20:44:01;21.978691101074;0;0;0;19;0;0;0
2019-02-14 20:45:01;22.777174949646;0;0;0;19;0;0;0
2019-02-14 20:46:01;22.563525915146;0;0;0;19;0;0;0
2019-02-14 20:47:01;24.097775936127;0;0;0;19;0;0;0
2019-02-14 20:48:01;21.460227012634;0;0;0;19;0;0;0
2019-02-14 20:49:01;22.295596122742;0;0;0;19;0;0;0
2019-02-14 20:50:01;27.359750032425;0;0;0;19;0;0;0
2019-02-14 20:51:01;21.606093883514;0;0;0;19;0;0;0
2019-02-14 20:52:01;20.737008094788;0;0;0;19;0;0;0
2019-02-14 20:53:01;21.023699998856;0;0;0;19;0;0;0
2019-02-14 20:54:01;20.205204963684;0;0;0;19;0;0;0
2019-02-14 20:55:01;20.400777101517;0;0;0;19;0;0;0
2019-02-14 20:56:01;21.652549982071;0;0;0;19;0;0;0
2019-02-14 20:57:01;20.212386131287;0;0;0;19;0;0;0
2019-02-14 20:58:01;20.408381938934;0;0;0;19;0;0;0
2019-02-14 20:59:01;20.568545103073;0;0;0;19;0;0;0
2019-02-14 21:00:01;22.191014051437;0;0;0;19;0;0;0
2019-02-14 21:01:01;20.218643903732;0;0;0;19;0;0;0
2019-02-14 21:02:01;20.878009080887;0;0;0;19;0;0;0
2019-02-14 21:03:01;20.238246917725;0;0;0;19;0;0;0
2019-02-14 21:04:01;20.872833013535;0;0;0;19;0;0;0
2019-02-14 21:05:01;21.951477050781;0;0;0;19;0;0;0
2019-02-14 21:06:01;21.646903038025;0;0;0;19;0;0;0
2019-02-14 21:07:01;20.313205003738;0;0;0;19;0;0;0
2019-02-14 21:08:01;20.847235918045;0;0;0;19;0;0;0
2019-02-14 21:09:01;20.439585924149;0;0;0;19;0;0;0
2019-02-14 21:10:01;20.970973014832;0;0;0;19;0;0;0
2019-02-14 21:11:01;21.216088056564;0;0;0;19;0;0;0
2019-02-14 21:12:01;23.08447098732;0;0;0;19;0;0;0
2019-02-14 21:13:02;20.930500984192;0;0;0;19;0;0;0
2019-02-14 21:14:01;21.004396915436;0;0;0;19;0;0;0
2019-02-14 21:15:02;20.329799890518;0;0;0;19;0;0;0
2019-02-14 21:16:01;20.479176998138;0;0;0;19;0;0;0
2019-02-14 21:17:02;20.442635059357;0;0;0;19;0;0;0
2019-02-14 21:18:02;22.23429107666;0;0;0;19;0;0;0
2019-02-14 21:19:01;22.287462949753;0;0;0;19;0;0;0
2019-02-14 21:20:01;21.080503940582;0;0;0;19;0;0;0
2019-02-14 21:21:01;20.380291938782;0;0;0;19;0;0;0
2019-02-14 21:22:01;20.264933824539;0;0;0;19;0;0;0
2019-02-14 21:23:01;20.204140901566;0;0;0;19;0;0;0
2019-02-14 21:24:01;20.642285108566;0;0;0;19;0;0;0
2019-02-14 21:25:01;20.887703180313;0;0;0;19;0;0;0
2019-02-14 21:26:01;22.033776044846;0;0;0;19;0;0;0
2019-02-14 21:27:02;21.9506919384;0;0;0;19;0;0;0
2019-02-14 21:28:01;21.089462041855;0;0;0;19;0;0;0
2019-02-14 21:29:02;23.764325857162;0;0;0;19;0;0;0
2019-02-14 21:30:01;21.564368009567;0;0;0;19;0;0;0
2019-02-14 21:31:01;22.397319078445;0;0;0;19;0;0;0
2019-02-14 21:32:01;20.159811019897;0;0;0;19;0;0;0
2019-02-14 21:33:01;21.665609121323;0;0;0;19;0;0;0
2019-02-14 21:34:01;20.617089986801;0;0;0;19;0;0;0
2019-02-14 21:35:01;20.254621982574;0;0;0;19;0;0;0
2019-02-14 21:36:01;20.13879609108;0;0;0;19;0;0;0
2019-02-14 21:37:01;20.244402885437;0;0;0;19;0;0;0
2019-02-14 21:38:01;22.336338996887;0;0;0;19;0;0;0
2019-02-14 21:39:01;20.275073051453;0;0;0;19;0;0;0
2019-02-14 21:40:01;20.352856874466;0;0;0;19;0;0;0
2019-02-14 21:41:01;20.089343070984;0;0;0;19;0;0;0
2019-02-14 21:42:02;20.435710906982;0;0;0;19;0;0;0
2019-02-14 21:43:01;20.351492881775;0;0;0;19;0;0;0
2019-02-14 21:44:01;20.586627960205;0;0;0;19;0;0;0
2019-02-14 21:45:01;20.552269935608;0;0;0;19;0;0;0
2019-02-14 21:46:01;20.064711093903;0;0;0;19;0;0;0
2019-02-14 21:47:01;20.844842910767;0;0;0;19;0;0;0
2019-02-14 21:48:01;26.024161815643;0;0;0;19;0;0;0
2019-02-14 21:49:01;23.360064029694;0;0;0;19;0;0;0
2019-02-14 21:50:01;20.229491949081;0;0;0;19;0;0;0
2019-02-14 21:51:01;20.224828958511;0;0;0;19;0;0;0
2019-02-14 21:52:02;20.219014167786;0;0;0;19;0;0;0
2019-02-14 21:53:01;20.196534156799;0;0;0;19;0;0;0
2019-02-14 21:54:01;20.438185214996;0;0;0;19;0;0;0
2019-02-14 21:55:01;20.19758605957;0;0;0;19;0;0;0
2019-02-14 21:56:01;20.269338846207;0;0;0;19;0;0;0
2019-02-14 21:57:01;20.746140003204;0;0;0;19;0;0;0
2019-02-14 21:58:01;20.295222997665;0;0;0;19;0;0;0
2019-02-14 21:59:01;20.16405916214;0;0;0;19;0;0;0
2019-02-14 22:00:01;20.253427028656;0;0;0;19;0;0;0
2019-02-14 22:01:01;20.109143018723;0;0;0;19;0;0;0
2019-02-14 22:02:01;20.242280960083;0;0;0;19;0;0;0
2019-02-14 22:03:01;20.18319606781;0;0;0;19;0;0;0
2019-02-14 22:04:02;20.070544958115;0;0;0;19;0;0;0
2019-02-14 22:05:01;20.050047159195;0;0;0;19;0;0;0
2019-02-14 22:06:01;20.246329069138;0;0;0;19;0;0;0
2019-02-14 22:07:01;20.178244829178;0;0;0;19;0;0;0
2019-02-14 22:08:01;20.109871149063;0;0;0;19;0;0;0
2019-02-14 22:09:01;20.236440896988;0;0;0;19;0;0;0
2019-02-14 22:10:01;20.223624944687;0;0;0;19;0;0;0
2019-02-14 22:11:01;20.258253097534;0;0;0;19;0;0;0
2019-02-14 22:12:02;20.251024007797;0;0;0;19;0;0;0
2019-02-14 22:13:01;20.261317968369;0;0;0;19;0;0;0
2019-02-14 22:14:01;20.141453027725;0;0;0;19;0;0;0
2019-02-14 22:15:01;20.213780879974;0;0;0;19;0;0;0
2019-02-14 22:16:01;20.224498987198;0;0;0;19;0;0;0
2019-02-14 22:17:01;20.069680929184;0;0;0;19;0;0;0
2019-02-14 22:18:01;20.116369009018;0;0;0;19;0;0;0
2019-02-14 22:19:01;20.223104953766;0;0;0;19;0;0;0
2019-02-14 22:20:01;20.131143093109;0;0;0;19;0;0;0
2019-02-14 22:21:01;20.086472034454;0;0;0;19;0;0;0
2019-02-14 22:22:02;20.11016702652;0;0;0;19;0;0;0
2019-02-14 22:23:01;20.184256076813;0;0;0;19;0;0;0
2019-02-14 22:24:02;20.249208927155;0;0;0;19;0;0;0
2019-02-14 22:25:01;20.225636005402;0;0;0;19;0;0;0
2019-02-14 22:26:01;20.212177991867;0;0;0;19;0;0;0
2019-02-14 22:27:01;20.05918598175;0;0;0;19;0;0;0
2019-02-14 22:28:01;20.086526870728;0;0;0;19;0;0;0
2019-02-14 22:29:01;20.125787973404;0;0;0;19;0;0;0
2019-02-14 22:30:01;20.065904140472;0;0;0;19;0;0;0
2019-02-14 22:31:01;20.17670416832;0;0;0;19;0;0;0
2019-02-14 22:32:01;20.140398025513;0;0;0;19;0;0;0
2019-02-14 22:33:01;20.233464002609;0;0;0;19;0;0;0
2019-02-14 22:34:01;20.085776805878;0;0;0;19;0;0;0
2019-02-14 22:35:01;20.266659021378;0;0;0;19;0;0;0
2019-02-14 22:36:01;20.133970975876;0;0;0;19;0;0;0
2019-02-14 22:37:01;20.27072095871;0;0;0;19;0;0;0
2019-02-14 22:38:01;20.236191987991;0;0;0;19;0;0;0
2019-02-14 22:39:01;20.144725084305;0;0;0;19;0;0;0
2019-02-14 22:40:02;20.197690010071;0;0;0;19;0;0;0
2019-02-14 22:41:01;20.125221967697;0;0;0;19;0;0;0
2019-02-14 22:42:01;20.087765932083;0;0;0;19;0;0;0
2019-02-14 22:43:01;20.156441926956;0;0;0;19;0;0;0
2019-02-14 22:44:01;20.222399950027;0;0;0;19;0;0;0
2019-02-14 22:45:01;20.144898176193;0;0;0;19;0;0;0
2019-02-14 22:46:01;20.156344175339;0;0;0;19;0;0;0
2019-02-14 22:47:01;20.241256952286;0;0;0;19;0;0;0
2019-02-14 22:48:01;20.059080123901;0;0;0;19;0;0;0
2019-02-14 22:49:01;20.144217014313;0;0;0;19;0;0;0
2019-02-14 22:50:01;20.075237035751;0;0;0;19;0;0;0
2019-02-14 22:51:01;20.167976856232;0;0;0;19;0;0;0
2019-02-14 22:52:01;20.165390014648;0;0;0;19;0;0;0
2019-02-14 22:53:01;20.1724421978;0;0;0;19;0;0;0
2019-02-14 22:54:01;20.219871997833;0;0;0;19;0;0;0
2019-02-14 22:55:01;20.234642982483;0;0;0;19;0;0;0
2019-02-14 22:56:01;20.094059944153;0;0;0;19;0;0;0
2019-02-14 22:57:01;20.101053953171;0;0;0;19;0;0;0
2019-02-14 22:58:02;20.168218135834;0;0;0;19;0;0;0
2019-02-14 22:59:01;20.24286198616;0;0;0;19;0;0;0
2019-02-14 23:00:01;20.046981811523;0;0;0;19;0;0;0
2019-02-14 23:01:01;20.15536904335;0;0;0;19;0;0;0
2019-02-14 23:02:01;20.248352050781;0;0;0;19;0;0;0
2019-02-14 23:03:01;20.089161157608;0;0;0;19;0;0;0
2019-02-14 23:04:01;20.215484857559;0;0;0;19;0;0;0
2019-02-14 23:05:01;20.11141204834;0;0;0;19;0;0;0
2019-02-14 23:06:01;20.076103925705;0;0;0;19;0;0;0
2019-02-14 23:07:02;20.162170171738;0;0;0;19;0;0;0
2019-02-14 23:08:01;20.16197013855;0;0;0;19;0;0;0
2019-02-14 23:09:01;20.104258060455;0;0;0;19;0;0;0
2019-02-14 23:10:01;20.256297826767;0;0;0;19;0;0;0
2019-02-14 23:11:01;20.221013069153;0;0;0;19;0;0;0
2019-02-14 23:12:01;20.136166095734;0;0;0;19;0;0;0
2019-02-14 23:13:01;20.268244981766;0;0;0;19;0;0;0
2019-02-14 23:14:01;20.177112102509;0;0;0;19;0;0;0
2019-02-14 23:15:01;20.156951904297;0;0;0;19;0;0;0
2019-02-14 23:16:01;20.284459114075;0;0;0;19;0;0;0
2019-02-14 23:17:01;20.18198299408;0;0;0;19;0;0;0
2019-02-14 23:18:01;20.144004106522;0;0;0;19;0;0;0
2019-02-14 23:19:01;20.093711137772;0;0;0;19;0;0;0
2019-02-14 23:20:02;20.072186946869;0;0;0;19;0;0;0
2019-02-14 23:21:01;20.127933979034;0;0;0;19;0;0;0
2019-02-14 23:22:01;20.235208034515;0;0;0;19;0;0;0
2019-02-14 23:23:01;20.255690097809;0;0;0;19;0;0;0
2019-02-14 23:24:01;20.157560825348;0;0;0;19;0;0;0
2019-02-14 23:25:01;20.233523845673;0;0;0;19;0;0;0
2019-02-14 23:26:01;20.183356046677;0;0;0;19;0;0;0
2019-02-14 23:27:01;20.082837104797;0;0;0;19;0;0;0
2019-02-14 23:28:01;20.061717987061;0;0;0;19;0;0;0
2019-02-14 23:29:01;20.214147806168;0;0;0;19;0;0;0
2019-02-14 23:30:01;20.102053880692;0;0;0;19;0;0;0
2019-02-14 23:31:01;20.102299928665;0;0;0;19;0;0;0
2019-02-14 23:32:01;20.233057022095;0;0;0;19;0;0;0
2019-02-14 23:33:01;20.176227092743;0;0;0;19;0;0;0
2019-02-14 23:34:02;20.183526039124;0;0;0;19;0;0;0
2019-02-14 23:35:02;20.057288885117;0;0;0;19;0;0;0
2019-02-14 23:36:01;20.253656148911;0;0;0;19;0;0;0
2019-02-14 23:37:01;20.107510089874;0;0;0;19;0;0;0
2019-02-14 23:38:01;20.203273057938;0;0;0;19;0;0;0
2019-02-14 23:39:01;20.20587515831;0;0;0;19;0;0;0
2019-02-14 23:40:01;20.201001167297;0;0;0;19;0;0;0
2019-02-14 23:41:01;20.151458978653;0;0;0;19;0;0;0
2019-02-14 23:42:01;20.141448974609;0;0;0;19;0;0;0
2019-02-14 23:43:01;20.140635967255;0;0;0;19;0;0;0
2019-02-14 23:44:01;20.104713916779;0;0;0;19;0;0;0
2019-02-14 23:45:01;20.215008974075;0;0;0;19;0;0;0
2019-02-14 23:46:01;20.059669017792;0;0;0;19;0;0;0
2019-02-14 23:47:02;20.138075113297;0;0;0;19;0;0;0
2019-02-14 23:48:01;20.258685827255;0;0;0;19;0;0;0
2019-02-14 23:49:01;20.180011034012;0;0;0;19;0;0;0
2019-02-14 23:50:01;20.173517942429;0;0;0;19;0;0;0
2019-02-14 23:51:01;20.252130031586;0;0;0;19;0;0;0
2019-02-14 23:52:01;20.248802900314;0;0;0;19;0;0;0
2019-02-14 23:53:02;20.267442941666;0;0;0;19;0;0;0
2019-02-14 23:54:01;20.072235107422;0;0;0;19;0;0;0
2019-02-14 23:55:01;20.098427057266;0;0;0;19;0;0;0
2019-02-14 23:56:01;20.110684871674;0;0;0;19;0;0;0
2019-02-14 23:57:01;20.086927175522;0;0;0;19;0;0;0
2019-02-14 23:58:01;20.105112791061;0;0;0;19;0;0;0
2019-02-14 23:59:01;20.096794843674;0;0;0;19;0;0;0
